21	5
1.04	0.5687	1005	0.001709	4.211
5.04	0.5749	1004	0.001504	4.201		
10.04	0.583	1003	0.001299	4.191		
15.04	0.5914	1001	0.001134	4.184		
20.04	0.5998	999.5	0.0009999	4.18		
25.04	0.6081	997.9	0.0008893	4.176		
30.04	0.6161	996.2	0.000797	4.175		
35.04	0.6236	994.3	0.0007191	4.174		
40.04	0.6308	992.4	0.0006528	4.174		
45.04	0.6375	990.3	0.0005959	4.175		
50.04	0.6436	988.1	0.0005467	4.177		
55.04	0.6493	985.7	0.0005039	4.179		
60.04	0.6544	983.2	0.0004663	4.182
65.04	0.6591	980.6	0.0004332	4.184
70.04	0.6633	977.9	0.0004039	4.188
75.04	0.6669	975	0.0003778	4.191
80.04	0.6702	971.9	0.0003544	4.195
85.04	0.673	968.8	0.0003334	4.199
90.04	0.6755	965.5	0.0003145	4.204
95.04	0.6776	962.1	0.0002974	4.209
100.04	0.02509	0.5959	0.00001227	2.078
