80	8							
50	-4.046759526E+01	1.103929518E-01	8.115005695E-03	4.951856975E-04	9.205801973E-06	1.252647399E+00	7.479164033E-01	
60	-3.694755893E+01	1.091837457E-01	8.475243270E-03	4.680914219E-04	9.354979640E-06	1.259007435E+00	7.587033921E-01	
70	-3.387109425E+01	1.081036040E-01	8.788038110E-03	4.461423592E-04	9.485777151E-06	1.264763164E+00	7.684011403E-01	
80	-3.112824254E+01	1.071224913E-01	9.065392816E-03	4.278093893E-04	9.602768995E-06	1.270054100E+00	7.772723274E-01	
90	-2.864632746E+01	1.062201665E-01	9.315195150E-03	4.121428462E-04	9.708976075E-06	1.274974858E+00	7.854915369E-01	
100	-2.637465045E+01	1.053822720E-01	9.542919717E-03	3.985153578E-04	9.806504141E-06	1.279592860E+00	7.931812806E-01	
110	-2.427635030E+01	1.045982145E-01	9.752528764E-03	3.864923653E-04	9.896883144E-06	1.283958020E+00	8.004311852E-01	
120	-2.232373434E+01	1.038599315E-01	9.946986635E-03	3.757613592E-04	9.981261746E-06	1.288108429E+00	8.073090161E-01	
130	-2.049543482E+01	1.031611283E-01	1.012857186E-02	3.660906327E-04	1.006052572E-05	1.292073890E+00	8.138673971E-01	
140	-1.877459773E+01	1.024967864E-01	1.029907528E-02	3.573039967E-04	1.013537336E-05	1.295878205E+00	8.201481089E-01	
150	-1.714767921E+01	1.018628333E-01	1.045993125E-02	3.492645881E-04	1.020636550E-05	1.299540716E+00	8.261849464E-01	
200	-1.009342678E+01	9.904858996E-02	1.115409467E-02	3.171323175E-04	1.051708207E-05	1.316203698E+00	8.535402520E-01	
250	-4.302163222E+00	9.665941258E-02	1.172095716E-02	2.936431459E-04	1.077627426E-05	1.330916637E+00	8.775616033E-01	
300	6.527232815E-01	9.455927385E-02	1.220475801E-02	2.752958651E-04	1.100154760E-05	1.344330908E+00	8.993709689E-01	
350	5.008144556E+00	9.267062324E-02	1.262981947E-02	2.603271110E-04	1.120266345E-05	1.356819737E+00	9.196113361E-01	
400	8.910320870E+00	9.094457339E-02	1.301102886E-02	2.477323378E-04	1.138563903E-05	1.368619901E+00	9.386918786E-01	
450	1.245631558E+01	8.934809046E-02	1.335819918E-02	2.368886312E-04	1.155446509E-05	1.379892737E+00	9.568926694E-01	
500	1.571410103E+01	8.785768375E-02	1.367816087E-02	2.273849214E-04	1.171193465E-05	1.390754238E+00	9.744161388E-01	
550	1.873326920E+01	8.645598150E-02	1.397587149E-02	2.189366798E-04	1.186008502E-05	1.401291397E+00	9.914150151E-01	
600	2.155119799E+01	8.512973094E-02	1.425505098E-02	2.113393718E-04	1.200045195E-05	1.411571764E+00	1.008008649E+00	
650	2.419680980E+01	8.386856427E-02	1.451856708E-02	2.044413853E-04	1.213422439E-05	1.421649343E+00	1.024293166E+00	
700	2.669298169E+01	8.266419749E-02	1.476868117E-02	1.981274292E-04	1.226234374E-05	1.431568438E+00	1.040348027E+00	
750	2.905814409E+01	8.150989411E-02	1.500721080E-02	1.923079314E-04	1.238556953E-05	1.441366221E+00	1.056240492E+00	
800	3.130738129E+01	8.040009215E-02	1.523564106E-02	1.869120090E-04	1.250452470E-05	1.451074537E+00	1.072028724E+00	
850	3.345320563E+01	7.933013989E-02	1.545520273E-02	1.818826762E-04	1.261972736E-05	1.460341679E+00	1.087764040E+00	
900	3.550612399E+01	7.829609991E-02	1.566692913E-02	1.771734687E-04	1.273161405E-05	1.470681087E+00	1.103492544E+00	
950	3.747504999E+01	7.729460635E-02	1.587169745E-02	1.727460394E-04	1.284055666E-05	1.481085231E+00	1.119256388E+00	
1000	3.936760952E+01	7.632275936E-02	1.607025958E-02	1.685684088E-04	1.294687501E-05	1.491575082E+00	1.135094802E+00	
1050	4.119039591E+01	7.537803205E-02	1.626326696E-02	1.646136123E-04	1.304809059E-05	1.502170565E+00	1.151044731E+00	
1100	4.294913782E+01	7.445821413E-02	1.645128785E-02	1.608587464E-04	1.314773348E-05	1.512890796E+00	1.167141600E+00	
1150	4.464885317E+01	7.356135546E-02	1.663482238E-02	1.572841863E-04	1.324596529E-05	1.523754418E+00	1.183419758E+00	
1200	4.629396280E+01	7.268572546E-02	1.681431383E-02	1.538729972E-04	1.334299405E-05	1.534779830E+00	1.199912940E+00	
1250	4.788838327E+01	7.182977964E-02	1.699015785E-02	1.506104682E-04	1.343900849E-05	1.545985399E+00	1.216654653E+00	
1300	4.943560200E+01	7.099213220E-02	1.716270994E-02	1.474837424E-04	1.353418122E-05	1.557389652E+00	1.233678521E+00	
1350	5.093873882E+01	7.017153357E-02	1.733229153E-02	1.444815196E-04	1.362867131E-05	1.569011455E+00	1.251018603E+00	
1400	5.240059805E+01	6.936685085E-02	1.749919510E-02	1.415938128E-04	1.372262656E-05	1.580870192E+00	1.268709680E+00	
1450	5.382370707E+01	6.857705433E-02	1.766368821E-02	1.388117596E-04	1.381618522E-05	1.592985902E+00	1.286787587E+00	
1500	5.521035590E+01	6.780120174E-02	1.782601723E-02	1.361274512E-04	1.390947766E-05	1.605379481E+00	1.305289448E+00	
1550	5.656262457E+01	6.703842838E-02	1.798641025E-02	1.335338036E-04	1.400262767E-05	1.618072836E+00	1.324253997E+00	
1600	5.788240889E+01	6.628793729E-02	1.814507966E-02	1.310244448E-04	1.409575366E-05	1.631089059E+00	1.343721871E+00	
1650	5.917144188E+01	6.554899091E-02	1.830222431E-02	1.285936206E-04	1.418896965E-05	1.644452623E+00	1.363735925E+00	
1700	6.043131218E+01	6.482090400E-02	1.845803151E-02	1.262361155E-04	1.428238625E-05	1.658189577E+00	1.384341565E+00	
1750	6.166347992E+01	6.410303736E-02	1.861267863E-02	1.239471855E-04	1.437611142E-05	1.672327769E+00	1.405587109E+00	
1800	6.286929035E+01	6.339479237E-02	1.876633463E-02	1.217225004E-04	1.447025129E-05	1.686897078E+00	1.427524183E+00	
1850	6.404998640E+01	6.269560578E-02	1.891916140E-02	1.195580932E-04	1.456491086E-05	1.701929693E+00	1.450208132E+00	
1900	6.520671651E+01	6.200494715E-02	1.907131485E-02	1.174503229E-04	1.466019458E-05	1.717460358E+00	1.473698567E+00	
1950	6.634054575E+01	6.132231366E-02	1.922294611E-02	1.153958333E-04	1.475620708E-05	1.733526731E+00	1.498059853E+00	
2000	6.745246749E+01	6.064722404E-02	1.937420263E-02	1.133915132E-04	1.485305383E-05	1.750169820E+00	1.523361591E+00	
2050	6.854340247E+01	5.997922106E-02	1.952522889E-02	1.114344848E-04	1.495084159E-05	1.767434253E+00	1.549679529E+00	
2100	6.961421030E+01	5.931786501E-02	1.967616744E-02	1.095220683E-04	1.504967916E-05	1.785368840E+00	1.577096167E+00	
2150	7.066569377E+01	5.866273198E-02	1.982715971E-02	1.076517627E-04	1.514967795E-05	1.804027090E+00	1.605701681E+00	
2200	7.169860369E+01	5.801341144E-02	1.997834691E-02	1.058212261E-04	1.525095263E-05	1.823467816E+00	1.635594916E+00	
2250	7.271364326E+01	5.736950407E-02	2.012987082E-02	1.040282595E-04	1.535362181E-05	1.843755845E+00	1.666884537E+00	
2300	7.371147198E+01	5.673061962E-02	2.028187462E-02	1.022707905E-04	1.545780877E-05	1.864962826E+00	1.699690360E+00	
2350	7.469270912E+01	5.609637495E-02	2.043450381E-02	1.005468603E-04	1.556364220E-05	1.887168175E+00	1.734144885E+00	
2400	7.565793684E+01	5.546639209E-02	2.058790702E-02	9.885461090E-05	1.567125708E-05	1.910460174E+00	1.770395093E+00	
2450	7.660770305E+01	5.484029638E-02	2.074223701E-02	9.719227359E-05	1.578079554E-05	1.934937253E+00	1.808604534E+00	
2500	7.754252388E+01	5.421771463E-02	2.089765167E-02	9.555815902E-05	1.589240790E-05	1.960709502E+00	1.848955790E+00	
2550	7.846288697E+01	5.359827245E-02	2.105431507E-02	9.395064515E-05	1.600625378E-05	1.987900500E+00	1.891653294E+00	
2600	7.936924952E+01	5.298159581E-02	2.121239868E-02	9.236817713E-05	1.612250342E-05	2.016649256E+00	1.936927069E+00	
2650	8.026204643E+01	5.236730374E-02	2.137208268E-02	9.080924510E-05	1.624133898E-05	2.047113002E+00	1.985036356E+00	
2700	8.114168758E+01	5.175501002E-02	2.153355740E-02	8.927238561E-05	1.636295630E-05	2.079470046E+00	2.036274818E+00	
2750	8.200856057E+01	5.114432008E-02	2.169702502E-02	8.775617130E-05	1.648756665E-05	2.113923465E+00	2.090976356E+00	
2800	8.286303199E+01	5.053482866E-02	2.186270139E-02	8.625920318E-05	1.661539892E-05	2.150705544E+00	2.149522235E+00	
2850	8.370544878E+01	4.992611730E-02	2.203081828E-02	8.478010283E-05	1.674670211E-05	2.190083180E+00	2.212349773E+00	
2900	8.453613922E+01	4.931775149E-02	2.220162577E-02	8.331750454E-05	1.688174817E-05	2.232364537E+00	2.279962954E+00	
2950	8.535541404E+01	4.870927751E-02	2.237539528E-02	8.187004710E-05	1.702083544E-05	2.277907259E+00	2.352945578E+00	
3000	8.616356724E+01	4.810021888E-02	2.255242291E-02	8.043636507E-05	1.716429267E-05	2.327128725E+00	2.431977551E+00	
3050	8.696087689E+01	4.749007219E-02	2.273303352E-02	7.901507943E-05	1.731248373E-05	2.380518910E+00	2.517855294E+00	
3100	8.774760582E+01	4.687830238E-02	2.291758559E-02	7.760478721E-05	1.746581339E-05	2.438656686E+00	2.611517507E+00	
3150	8.852400216E+01	4.626433709E-02	2.310647697E-02	7.620405000E-05	1.762473416E-05	2.502230639E+00	2.714077954E+00	
3200	8.929029986E+01	4.564756017E-02	2.330015200E-02	7.481138081E-05	1.778975472E-05	2.572065923E+00	2.826867583E+00	
3250	9.004671900E+01	4.502730382E-02	2.349911004E-02	7.342522901E-05	1.796145010E-05	2.649159218E+00	2.951489160E+00	
3300	9.079346603E+01	4.440283934E-02	2.370391608E-02	7.204396283E-05	1.814047439E-05	2.734724788E+00	3.089888867E+00	
3350	9.153073387E+01	4.377336597E-02	2.391521396E-02	7.066584867E-05	1.832757653E-05	2.830255785E+00	3.244451173E+00	
3400	9.225870166E+01	4.313799774E-02	2.413374283E-02	6.928902726E-05	1.852362015E-05	2.937606829E+00	3.418126098E+00	
3450	9.297753521E+01	4.249574641E-02	2.436035801E-02	6.791148256E-05	1.872960865E-05	3.059106995E+00	3.614601456E+00	
3500	9.368738495E+01	4.184550436E-02	2.459605798E-02	6.653101207E-05	1.894671779E-05	3.197715341E+00	3.838540763E+00	
3550	9.438838658E+01	4.118601973E-02	2.484201869E-02	6.514518220E-05	1.917633729E-05	3.357240018E+00	4.095912907E+00	
3600	9.508065878E+01	4.051587153E-02	2.517458068E-02	6.375128519E-05	1.942012584E-05	3.542648781E+00	4.394458681E+00	
