49500
309.193	555.603	400.849	223.653	4.41386

296.695	1.89499	3.02205	0.616609	-37.7344
396.126	2.52622	3.48821	0.616599	-61.3093
399.48	5.97082	6.03071	0.616596	-2.0681
400.849	6.08936	6.11832	0.616586	-0.844439

387.778	19.0102	18.7456	0.61659	29.9676
331.974	19.0102	18.7456	0.616598	34.4073
274.368	19.0102	18.7456	0.616667	35.5172
227.637	18.6322	18.4032	0.616906	28.8193
224.798	16.3789	16.3621	0.616877	1.76496
223.653	16.3038	16.2941	0.616729	0.776265

2	436.381	0.616586	29.211	7.30276	0.260581

2.99037	0.560898
