414	5				
2.000000000E+01	-9.994154196E+01	1.150616043E-01	1.107625480E-03	8.563155718E-01	
2.000000000E+01	-9.702110167E+01	1.139927232E-01	1.055502782E-03	8.558339837E-01	
2.000000000E+01	-9.409962781E+01	1.129234637E-01	1.005482648E-03	8.555896797E-01	
2.000000000E+01	-9.117595623E+01	1.118533999E-01	9.575027078E-04	8.553814989E-01	
2.000000000E+01	-8.825403195E+01	1.107839756E-01	9.115822382E-04	8.555354899E-01	
2.000000000E+01	-8.533322881E+01	1.097149617E-01	8.676625097E-04	8.558988619E-01	
2.000000000E+01	-8.241425672E+01	1.086466179E-01	8.257053682E-04	8.564613929E-01	
2.000000000E+01	-7.949778658E+01	1.075791898E-01	7.856704290E-04	8.572111981E-01	
2.000000000E+01	-7.658444453E+01	1.065129067E-01	7.475152387E-04	8.581350831E-01	
2.000000000E+01	-7.367480998E+01	1.054479804E-01	7.111954956E-04	8.592192489E-01	
2.000000000E+01	-7.076941156E+01	1.043846046E-01	6.766652419E-04	8.604493611E-01	
2.000000000E+01	-6.786872797E+01	1.033229544E-01	6.438771123E-04	8.618111474E-01	
2.000000000E+01	-6.497318871E+01	1.022631870E-01	6.127825659E-04	8.632907023E-01	
2.000000000E+01	-6.208317627E+01	1.012054425E-01	5.833321178E-04	8.648747950E-01	
3.000000000E+01	-1.014820310E+02	1.156254233E-01	1.135989021E-03	8.566729482E-01	
3.000000000E+01	-9.856246646E+01	1.145568627E-01	1.082745286E-03	8.560671441E-01	
3.000000000E+01	-9.564143555E+01	1.134877654E-01	1.031619222E-03	8.556975875E-01	
3.000000000E+01	-9.271812421E+01	1.124178334E-01	9.825547698E-04	8.555656423E-01	
3.000000000E+01	-8.979590565E+01	1.113483014E-01	9.355638798E-04	8.554364490E-01	
3.000000000E+01	-8.687442018E+01	1.102790377E-01	8.905929214E-04	8.556906195E-01	
3.000000000E+01	-8.395439558E+01	1.092103087E-01	8.476049719E-04	8.561495817E-01	
3.000000000E+01	-8.103652410E+01	1.081423678E-01	8.065608052E-04	8.568022751E-01	
3.000000000E+01	-7.812145592E+01	1.070754528E-01	7.674190345E-04	8.576361805E-01	
3.000000000E+01	-7.520979589E+01	1.060097853E-01	7.301363132E-04	8.586376517E-01	
3.000000000E+01	-7.230209913E+01	1.049455682E-01	6.946675229E-04	8.597926971E-01	
3.000000000E+01	-6.939887081E+01	1.038829867E-01	6.609660139E-04	8.610869289E-01	
3.000000000E+01	-6.650056619E+01	1.028222072E-01	6.289838366E-04	8.625062069E-01	
3.000000000E+01	-6.360759222E+01	1.017633787E-01	5.986719756E-04	8.640369092E-01	
3.000000000E+01	-6.072031027E+01	1.007066335E-01	5.699805784E-04	8.656662163E-01	
3.000000000E+01	-5.783903970E+01	9.965208853E-02	5.428591692E-04	8.673823466E-01	
3.000000000E+01	-5.496406217E+01	9.859984675E-02	5.172568488E-04	8.691747424E-01	
4.000000000E+01	-1.018173469E+02	1.157481489E-01	1.142243387E-03	8.567658702E-01	
4.000000000E+01	-9.889800299E+01	1.146796690E-01	1.088754576E-03	8.561332544E-01	
4.000000000E+01	-9.597709891E+01	1.136106182E-01	1.037386639E-03	8.557365666E-01	
4.000000000E+01	-9.305545547E+01	1.125412967E-01	9.881106634E-04	8.555774715E-01	
4.000000000E+01	-9.013163390E+01	1.114711780E-01	9.408595666E-04	8.554296679E-01	
4.000000000E+01	-8.721002659E+01	1.104018697E-01	8.956583585E-04	8.556598232E-01	
4.000000000E+01	-8.428979821E+01	1.093330661E-01	8.524445213E-04	8.560959322E-01	
4.000000000E+01	-8.137164543E+01	1.082650222E-01	8.111790864E-04	8.567271297E-01	
4.000000000E+01	-7.845622386E+01	1.071979779E-01	7.718209112E-04	8.575410421E-01	
4.000000000E+01	-7.554414274E+01	1.061321562E-01	7.343268508E-04	8.585241250E-01	
4.000000000E+01	-7.263596398E+01	1.050677628E-01	6.986519921E-04	8.596624245E-01	
4.000000000E+01	-6.973219817E+01	1.040049845E-01	6.647498451E-04	8.609415585E-01	
4.000000000E+01	-6.683330625E+01	1.029439900E-01	6.325725975E-04	8.623473478E-01	
4.000000000E+01	-6.393970061E+01	1.018849304E-01	6.020713448E-04	8.638660959E-01	
4.000000000E+01	-6.105174767E+01	1.008279396E-01	5.731963192E-04	8.654848785E-01	
4.000000000E+01	-5.816977142E+01	9.977313634E-02	5.458971063E-04	8.671917843E-01	
4.000000000E+01	-5.529405761E+01	9.872062509E-02	5.201228459E-04	8.689761075E-01	
4.000000000E+01	-5.242485852E+01	9.767049822E-02	4.958224136E-04	8.708284921E-01	
4.000000000E+01	-4.956239802E+01	9.662283768E-02	4.729445826E-04	8.727410335E-01	
5.000000000E+01	-1.002260715E+02	1.151657421E-01	1.112818677E-03	8.564003459E-01	
5.000000000E+01	-9.730577587E+01	1.140969139E-01	1.060489532E-03	8.558961161E-01	
5.000000000E+01	-9.438436653E+01	1.130276781E-01	1.010265790E-03	8.556290433E-01	
5.000000000E+01	-9.146074881E+01	1.119576340E-01	9.620863027E-04	8.554044321E-01	
5.000000000E+01	-8.853875450E+01	1.108881841E-01	9.159688951E-04	8.555379659E-01	
5.000000000E+01	-8.561781030E+01	1.098191185E-01	8.718558224E-04	8.558817841E-01	
5.000000000E+01	-8.269862958E+01	1.087506984E-01	8.297091557E-04	8.564258499E-01	
5.000000000E+01	-7.978188731E+01	1.076831707E-01	7.894887208E-04	8.571584220E-01	
5.000000000E+01	-7.686821414E+01	1.066167663E-01	7.511522570E-04	8.580664111E-01	
5.000000000E+01	-7.395819423E+01	1.055516990E-01	7.146556346E-04	8.591360712E-01	
5.000000000E+01	-7.105236111E+01	1.044881641E-01	6.799530459E-04	8.603530897E-01	
5.000000000E+01	-6.815119836E+01	1.034263386E-01	6.469972528E-04	8.617031771E-01	
5.000000000E+01	-6.525514020E+01	1.023663813E-01	6.157398188E-04	8.631723786E-01	
5.000000000E+01	-6.236457358E+01	1.013084339E-01	5.861313412E-04	8.647473861E-01	
5.000000000E+01	-5.947984129E+01	1.002526219E-01	5.581216734E-04	8.664158011E-01	
5.000000000E+01	-5.660124592E+01	9.919905601E-02	5.316601344E-04	8.681663490E-01	
5.000000000E+01	-5.372905434E+01	9.814783389E-02	5.066956987E-04	8.699890449E-01	
5.000000000E+01	-5.086350272E+01	9.709904200E-02	4.831771674E-04	8.718753145E-01	
5.000000000E+01	-4.800480167E+01	9.605275741E-02	4.610533183E-04	8.738180730E-01	
5.000000000E+01	-4.515314159E+01	9.500904982E-02	4.402730346E-04	8.758117681E-01	
6.000000000E+01	-9.636882302E+01	1.137539892E-01	1.044152443E-03	8.557931346E-01	
6.000000000E+01	-9.344723085E+01	1.126846864E-01	9.945977204E-04	8.556024426E-01	
6.000000000E+01	-9.052345692E+01	1.116145852E-01	9.470737018E-04	8.554326768E-01	
6.000000000E+01	-8.760171965E+01	1.105452293E-01	9.016031689E-04	8.556347725E-01	
6.000000000E+01	-8.468126509E+01	1.094763430E-01	8.581250585E-04	8.560441488E-01	
6.000000000E+01	-8.176279498E+01	1.084081829E-01	8.166007056E-04	8.566501760E-01	
6.000000000E+01	-7.884697074E+01	1.073409912E-01	7.769892492E-04	8.574406576E-01	
6.000000000E+01	-7.593440799E+01	1.062749933E-01	7.392478006E-04	8.584021750E-01	
6.000000000E+01	-7.302567525E+01	1.052103971E-01	7.033316733E-04	8.595208259E-01	
6.000000000E+01	-7.012128986E+01	1.041473920E-01	6.691945729E-04	8.607822411E-01	
6.000000000E+01	-6.722171941E+01	1.030861493E-01	6.367888516E-04	8.621722019E-01	
6.000000000E+01	-6.432738268E+01	1.020268220E-01	6.060657379E-04	8.636769294E-01	
6.000000000E+01	-6.143865208E+01	1.009695466E-01	5.769755668E-04	8.652833811E-01	
6.000000000E+01	-5.855585704E+01	9.991444368E-02	5.494679986E-04	8.669794983E-01	
6.000000000E+01	-5.567928817E+01	9.886161947E-02	5.234922217E-04	8.687544045E-01	
6.000000000E+01	-5.280920195E+01	9.781116791E-02	4.989971375E-04	8.705985564E-01	
6.000000000E+01	-4.994582576E+01	9.676317223E-02	4.759315242E-04	8.725038509E-01	
6.000000000E+01	-4.708936317E+01	9.571770692E-02	4.542441805E-04	8.744636921E-01	
6.000000000E+01	-4.423999919E+01	9.467483970E-02	4.338840470E-04	8.764730231E-01	
6.000000000E+01	-4.139790555E+01	9.363463343E-02	4.148003094E-04	8.785283281E-01	
7.000000000E+01	-9.297881645E+01	1.125132468E-01	9.868460004E-04	8.556026997E-01	
7.000000000E+01	-9.005498675E+01	1.114431251E-01	9.396482157E-04	8.554596153E-01	
7.000000000E+01	-8.713340641E+01	1.103738267E-01	8.944996162E-04	8.556957226E-01	
7.000000000E+01	-8.421322374E+01	1.093050398E-01	8.513373943E-04	8.561375336E-01	
7.000000000E+01	-8.129513442E+01	1.082370192E-01	8.101225226E-04	8.567741385E-01	
7.000000000E+01	-7.837979255E+01	1.071700040E-01	7.708137990E-04	8.575931304E-01	
7.000000000E+01	-7.546780719E+01	1.061042174E-01	7.333680430E-04	8.585809417E-01	
7.000000000E+01	-7.255973788E+01	1.050398640E-01	6.977402836E-04	8.597236099E-01	
7.000000000E+01	-6.965609424E+01	1.039771304E-01	6.638839977E-04	8.610067517E-01	
7.000000000E+01	-6.675733592E+01	1.029161849E-01	6.317513413E-04	8.624161971E-01	
7.000000000E+01	-6.386387407E+01	1.018571779E-01	6.012933845E-04	8.639382670E-01	
7.000000000E+01	-6.097607394E+01	1.008002430E-01	5.724603397E-04	8.655600612E-01	
7.000000000E+01	-5.809425847E+01	9.974549860E-02	5.452017784E-04	8.672696988E-01	
7.000000000E+01	-5.521871246E+01	9.869304876E-02	5.194668311E-04	8.690565083E-01	
7.000000000E+01	-5.234968738E+01	9.764298558E-02	4.952043689E-04	8.709111715E-01	
7.000000000E+01	-4.948740643E+01	9.659539075E-02	4.723631643E-04	8.728258235E-01	
7.000000000E+01	-4.663206984E+01	9.555033756E-02	4.508920307E-04	8.747941144E-01	
7.000000000E+01	-4.378386016E+01	9.450789282E-02	4.307399422E-04	8.768112350E-01	
7.000000000E+01	-4.094294747E+01	9.346811877E-02	4.118561314E-04	8.788739154E-01	
7.000000000E+01	-3.810949446E+01	9.243107497E-02	3.941901717E-04	8.809803982E-01	
8.000000000E+01	-8.994013820E+01	1.114010905E-01	9.378357123E-04	8.554737728E-01	
8.000000000E+01	-8.701859920E+01	1.103318073E-01	8.927658947E-04	8.557182910E-01	
8.000000000E+01	-8.409848593E+01	1.092630458E-01	8.496809639E-04	8.561681217E-01	
8.000000000E+01	-8.118049254E+01	1.081950602E-01	8.085418039E-04	8.568122883E-01	
8.000000000E+01	-7.826527141E+01	1.071280893E-01	7.693071308E-04	8.576383341E-01	
8.000000000E+01	-7.535342972E+01	1.060623552E-01	7.319336900E-04	8.586326567E-01	
8.000000000E+01	-7.244552507E+01	1.049980621E-01	6.963764452E-04	8.597812808E-01	
8.000000000E+01	-6.954206509E+01	1.039353958E-01	6.625888167E-04	8.610698210E-01	
8.000000000E+01	-6.664350750E+01	1.028745237E-01	6.305229136E-04	8.624841210E-01	
8.000000000E+01	-6.375026157E+01	1.018155957E-01	6.001297679E-04	8.640105271E-01	
8.000000000E+01	-6.086269083E+01	1.007587448E-01	5.713595629E-04	8.656361755E-01	
8.000000000E+01	-5.798111663E+01	9.970408869E-02	5.441618490E-04	8.673492296E-01	
8.000000000E+01	-5.510582238E+01	9.865173099E-02	5.184857434E-04	8.691390688E-01	
8.000000000E+01	-5.223705832E+01	9.760176335E-02	4.942801102E-04	8.709964308E-01	
8.000000000E+01	-4.937504666E+01	9.655426708E-02	4.714937210E-04	8.729135098E-01	
8.000000000E+01	-4.651998685E+01	9.550931519E-02	4.500753938E-04	8.748840160E-01	
8.000000000E+01	-4.367206083E+01	9.446697426E-02	4.299741107E-04	8.769032016E-01	
8.000000000E+01	-4.083143830E+01	9.342730642E-02	4.111391165E-04	8.789678571E-01	
8.000000000E+01	-3.799828175E+01	9.239037112E-02	3.935199992E-04	8.810762840E-01	
8.000000000E+01	-3.517275127E+01	9.135622696E-02	3.770667535E-04	8.832282489E-01	
9.000000000E+01	-8.718098961E+01	1.103912422E-01	8.952190673E-04	8.557082274E-01	
9.000000000E+01	-8.426077850E+01	1.093224449E-01	8.520247940E-04	8.561470624E-01	
9.000000000E+01	-8.134264971E+01	1.082544097E-01	8.107785244E-04	8.567808906E-01	
9.000000000E+01	-7.842725808E+01	1.071873764E-01	7.714390906E-04	8.575973262E-01	
9.000000000E+01	-7.551521342E+01	1.061215681E-01	7.339633426E-04	8.585828166E-01	
9.000000000E+01	-7.260707610E+01	1.050571898E-01	6.983063370E-04	8.597234053E-01	
9.000000000E+01	-6.970335655E+01	1.039944285E-01	6.644215739E-04	8.610047104E-01	
9.000000000E+01	-6.680451523E+01	1.029334525E-01	6.322612291E-04	8.624125569E-01	
9.000000000E+01	-6.391096405E+01	1.018744128E-01	6.017763884E-04	8.639332555E-01	
9.000000000E+01	-6.102306900E+01	1.008174432E-01	5.729172764E-04	8.655538919E-01	
9.000000000E+01	-5.814115366E+01	9.976266224E-02	5.456334735E-04	8.672625673E-01	
9.000000000E+01	-5.526550342E+01	9.871017425E-02	5.198741157E-04	8.690485898E-01	
9.000000000E+01	-5.239637025E+01	9.766007151E-02	4.955880771E-04	8.709026186E-01	
9.000000000E+01	-4.953397777E+01	9.661243586E-02	4.727241305E-04	8.728167653E-01	
9.000000000E+01	-4.667852656E+01	9.556734072E-02	4.512310881E-04	8.747846553E-01	
9.000000000E+01	-4.383019939E+01	9.452485298E-02	4.310579198E-04	8.768014552E-01	
9.000000000E+01	-4.098916652E+01	9.348503495E-02	4.121538540E-04	8.788638707E-01	
9.000000000E+01	-3.815559071E+01	9.244794620E-02	3.944684575E-04	8.809701209E-01	
9.000000000E+01	-3.532963204E+01	9.141364533E-02	3.779517009E-04	8.831198928E-01	
9.000000000E+01	-3.251145244E+01	9.038219159E-02	3.625540085E-04	8.853142812E-01	
1.000000000E+02	-8.464681621E+01	1.094637347E-01	8.576237871E-04	8.560867345E-01	
1.000000000E+02	-8.172837354E+01	1.083955847E-01	8.161222473E-04	8.566956107E-01	
1.000000000E+02	-7.881258429E+01	1.073284058E-01	7.765331095E-04	8.574888070E-01	
1.000000000E+02	-7.590006352E+01	1.062624232E-01	7.388134625E-04	8.584528941E-01	
1.000000000E+02	-7.299137915E+01	1.051978447E-01	7.029185992E-04	8.595739656E-01	
1.000000000E+02	-7.008704794E+01	1.041348595E-01	6.688022081E-04	8.608376516E-01	
1.000000000E+02	-6.718753691E+01	1.030736385E-01	6.364166269E-04	8.622297373E-01	
1.000000000E+02	-6.429326424E+01	1.020143347E-01	6.057130718E-04	8.637364518E-01	
1.000000000E+02	-6.140460183E+01	1.009570842E-01	5.766418689E-04	8.653447637E-01	
1.000000000E+02	-5.852187864E+01	9.990200758E-02	5.491526719E-04	8.670426280E-01	
1.000000000E+02	-5.564538483E+01	9.884921085E-02	5.231946645E-04	8.688191841E-01	
1.000000000E+02	-5.277537651E+01	9.779878780E-02	4.987167457E-04	8.706649063E-01	
1.000000000E+02	-4.991208075E+01	9.675082155E-02	4.756676934E-04	8.725717100E-01	
1.000000000E+02	-4.705570087E+01	9.570538652E-02	4.539963071E-04	8.745330185E-01	
1.000000000E+02	-4.420642170E+01	9.466255034E-02	4.336515301E-04	8.765437943E-01	
1.000000000E+02	-4.136441484E+01	9.362237583E-02	4.145825510E-04	8.786005412E-01	
1.000000000E+02	-3.852984378E+01	9.258492282E-02	3.967388883E-04	8.807012805E-01	
1.000000000E+02	-3.570286868E+01	9.155024994E-02	3.800704558E-04	8.828455088E-01	
1.000000000E+02	-3.288365098E+01	9.051841626E-02	3.645276155E-04	8.850341391E-01	
1.000000000E+02	-3.007235758E+01	8.948948287E-02	3.500612163E-04	8.872694314E-01	
1.100000000E+02	-8.229891833E+01	1.086044041E-01	8.240865896E-04	8.565708983E-01	
1.100000000E+02	-7.938256028E+01	1.075370170E-01	7.841267751E-04	8.573292219E-01	
1.100000000E+02	-7.646935410E+01	1.064707836E-01	7.460449915E-04	8.582611261E-01	
1.100000000E+02	-7.355987729E+01	1.054059150E-01	7.097968684E-04	8.593527931E-01	
1.100000000E+02	-7.065465649E+01	1.043426042E-01	6.753363877E-04	8.605898826E-01	
1.100000000E+02	-6.775416842E+01	1.032810256E-01	6.426161330E-04	8.619581319E-01	
1.100000000E+02	-6.485884067E+01	1.022213356E-01	6.115875218E-04	8.634436586E-01	
1.100000000E+02	-6.196905395E+01	1.011636737E-01	5.822010367E-04	8.650332658E-01	
1.100000000E+02	-5.908514529E+01	1.001081631E-01	5.544064461E-04	8.667146990E-01	
1.100000000E+02	-5.620741212E+01	9.905491284E-02	5.281530109E-04	8.684768528E-01	
1.100000000E+02	-5.333611679E+01	9.800401875E-02	5.033896720E-04	8.703099310E-01	
1.100000000E+02	-5.047149166E+01	9.695556595E-02	4.800652192E-04	8.722055610E-01	
1.100000000E+02	-4.761374426E+01	9.590963040E-02	4.581284373E-04	8.741568680E-01	
1.100000000E+02	-4.476306263E+01	9.486628092E-02	4.375282330E-04	8.761585130E-01	
1.100000000E+02	-4.191962055E+01	9.382558112E-02	4.182137399E-04	8.782066995E-01	
1.100000000E+02	-3.908358270E+01	9.278759127E-02	4.001344061E-04	8.802991555E-01	
1.100000000E+02	-3.625510953E+01	9.175237009E-02	3.832400636E-04	8.824350935E-01	
1.100000000E+02	-3.343436189E+01	9.071997645E-02	3.674809833E-04	8.846151550E-01	
1.100000000E+02	-3.062150529E+01	8.969047094E-02	3.528079163E-04	8.868413430E-01	
1.100000000E+02	-2.781671387E+01	8.866391728E-02	3.391721251E-04	8.891169459E-01	
1.200000000E+02	-8.010809356E+01	1.078025622E-01	7.938944926E-04	8.571331095E-01	
1.200000000E+02	-7.719404707E+01	1.067360212E-01	7.553493953E-04	8.580232392E-01	
1.200000000E+02	-7.428359099E+01	1.056707943E-01	7.186491649E-04	8.590766472E-01	
1.200000000E+02	-7.137726447E+01	1.046070788E-01	6.837481685E-04	8.602790513E-01	
1.200000000E+02	-6.847555670E+01	1.035450537E-01	6.505993170E-04	8.616161469E-01	
1.200000000E+02	-6.557890733E+01	1.024848800E-01	6.191542964E-04	8.630739270E-01	
1.200000000E+02	-6.268770845E+01	1.014267012E-01	5.893638004E-04	8.646389984E-01	
1.200000000E+02	-5.980230764E+01	1.003706446E-01	5.611777555E-04	8.662988509E-01	
1.200000000E+02	-5.692301174E+01	9.931682230E-02	5.345455303E-04	8.680420767E-01	
1.200000000E+02	-5.405009141E+01	9.826533346E-02	5.094161292E-04	8.698585415E-01	
1.200000000E+02	-5.118378597E+01	9.721626567E-02	4.857383647E-04	8.717395104E-01	
1.200000000E+02	-4.832430865E+01	9.616969697E-02	4.634610106E-04	8.736777313E-01	
1.200000000E+02	-4.547185182E+01	9.512569777E-02	4.425329322E-04	8.756674813E-01	
1.200000000E+02	-4.262659234E+01	9.408433280E-02	4.229031981E-04	8.777045813E-01	
1.200000000E+02	-3.978869670E+01	9.304566299E-02	4.045211709E-04	8.797863831E-01	
1.200000000E+02	-3.695832594E+01	9.200974729E-02	3.873365813E-04	8.819117348E-01	
1.200000000E+02	-3.413564039E+01	9.097664438E-02	3.712995867E-04	8.840809287E-01	
1.200000000E+02	-3.132080404E+01	8.994641428E-02	3.563608154E-04	8.862956361E-01	
1.200000000E+02	-2.851398853E+01	8.891911980E-02	3.424714003E-04	8.885588333E-01	
1.200000000E+02	-2.571537683E+01	8.789482792E-02	3.295830027E-04	8.908747215E-01	
1.300000000E+02	-7.805171932E+01	1.070499292E-01	7.665050825E-04	8.577530951E-01	
1.300000000E+02	-7.514014786E+01	1.059842941E-01	7.292663135E-04	8.587600034E-01	
1.300000000E+02	-7.223255236E+01	1.049201141E-01	6.938403761E-04	8.599201913E-01	
1.300000000E+02	-6.932943677E+01	1.038575738E-01	6.601805864E-04	8.612192719E-01	
1.300000000E+02	-6.643125518E+01	1.027968394E-01	6.282389667E-04	8.626431158E-01	
1.300000000E+02	-6.353841341E+01	1.017380593E-01	5.979664790E-04	8.641781192E-01	
1.300000000E+02	-6.065127179E+01	1.006813654E-01	5.693132533E-04	8.658114872E-01	
1.300000000E+02	-5.777014870E+01	9.962687442E-02	5.422288015E-04	8.675314675E-01	
1.300000000E+02	-5.489532496E+01	9.857468894E-02	5.166622162E-04	8.693275362E-01	
1.300000000E+02	-5.202704860E+01	9.752489979E-02	4.925623499E-04	8.711905360E-01	
1.300000000E+02	-4.916553997E+01	9.647758763E-02	4.698779730E-04	8.731127722E-01	
1.300000000E+02	-4.631099704E+01	9.543282492E-02	4.485579117E-04	8.750880691E-01	
1.300000000E+02	-4.346360069E+01	9.439067785E-02	4.285511641E-04	8.771117936E-01	
1.300000000E+02	-4.062351994E+01	9.335120830E-02	4.098069980E-04	8.791808497E-01	
1.300000000E+02	-3.779091693E+01	9.231447560E-02	3.922750291E-04	8.812936500E-01	
1.300000000E+02	-3.496595174E+01	9.128053834E-02	3.759052837E-04	8.834500682E-01	
1.300000000E+02	-3.214878685E+01	9.024945599E-02	3.606482478E-04	8.856513775E-01	
1.300000000E+02	-2.933959123E+01	8.922129039E-02	3.464549025E-04	8.879001783E-01	
1.300000000E+02	-2.653854416E+01	8.819610716E-02	3.332767517E-04	8.902003202E-01	
1.300000000E+02	-2.374583859E+01	8.717397692E-02	3.210658401E-04	8.925568192E-01	
1.400000000E+02	-7.611188621E+01	1.063399503E-01	7.414962269E-04	8.584156276E-01	
1.400000000E+02	-7.320290463E+01	1.052752630E-01	7.054701178E-04	8.595264122E-01	
1.400000000E+02	-7.029824029E+01	1.042121559E-01	6.712258996E-04	8.607808731E-01	
1.400000000E+02	-6.739836380E+01	1.031508011E-01	6.387160000E-04	8.621647771E-01	
1.400000000E+02	-6.450369685E+01	1.020913530E-01	6.078917096E-04	8.636643110E-01	
1.400000000E+02	-6.161461459E+01	1.010339489E-01	5.787034114E-04	8.652663815E-01	
1.400000000E+02	-5.873144896E+01	9.997871032E-02	5.511008007E-04	8.669588655E-01	
1.400000000E+02	-5.585449281E+01	9.892574437E-02	5.250330895E-04	8.687308116E-01	
1.400000000E+02	-5.298400456E+01	9.787514567E-02	5.004491915E-04	8.705725938E-01	
1.400000000E+02	-5.012021322E+01	9.682699804E-02	4.772978884E-04	8.724760211E-01	
1.400000000E+02	-4.726332363E+01	9.578137645E-02	4.555279735E-04	8.744344068E-01	
1.400000000E+02	-4.441352182E+01	9.473834899E-02	4.350883761E-04	8.764426022E-01	
1.400000000E+02	-4.157098017E+01	9.369797874E-02	4.159282642E-04	8.784970007E-01	
1.400000000E+02	-3.873586258E+01	9.266032570E-02	3.979971294E-04	8.805955160E-01	
1.400000000E+02	-3.590832932E+01	9.162544853E-02	3.812448552E-04	8.827375404E-01	
1.400000000E+02	-3.308854157E+01	9.059340621E-02	3.656217693E-04	8.849238879E-01	
1.400000000E+02	-3.027666570E+01	8.956425965E-02	3.510786841E-04	8.871567247E-01	
1.400000000E+02	-2.747287718E+01	8.853807305E-02	3.375669267E-04	8.894394928E-01	
1.400000000E+02	-2.467736400E+01	8.751491522E-02	3.250383591E-04	8.917768284E-01	
1.400000000E+02	-2.189032994E+01	8.649486076E-02	3.134453943E-04	8.941744783E-01	
1.500000000E+02	-7.427415271E+01	1.056673398E-01	7.185330228E-04	8.591093933E-01	
1.500000000E+02	-7.136784042E+01	1.046036295E-01	6.836377893E-04	8.603127548E-01	
1.500000000E+02	-6.846614838E+01	1.035416103E-01	6.504945457E-04	8.616507765E-01	
1.500000000E+02	-6.556951608E+01	1.024814428E-01	6.190549742E-04	8.631094534E-01	
1.500000000E+02	-6.267833549E+01	1.014232707E-01	5.892697663E-04	8.646753953E-01	
1.500000000E+02	-5.979295401E+01	1.003672211E-01	5.610888458E-04	8.663360960E-01	
1.500000000E+02	-5.691367838E+01	9.931340629E-02	5.344615800E-04	8.680801523E-01	
1.500000000E+02	-5.404077914E+01	9.826192517E-02	5.093369724E-04	8.698974349E-01	
1.500000000E+02	-5.117449553E+01	9.721286536E-02	4.856638353E-04	8.717792146E-01	
1.500000000E+02	-4.831504068E+01	9.616630489E-02	4.633909423E-04	8.737182447E-01	
1.500000000E+02	-4.546260693E+01	9.512231414E-02	4.424671594E-04	8.757088086E-01	
1.500000000E+02	-4.261737109E+01	9.408095782E-02	4.228415560E-04	8.777467330E-01	
1.500000000E+02	-3.977949960E+01	9.304229685E-02	4.044634956E-04	8.798293757E-01	
1.500000000E+02	-3.694915352E+01	9.200639019E-02	3.872827105E-04	8.819555907E-01	
1.500000000E+02	-3.412649318E+01	9.097329650E-02	3.712493593E-04	8.841256759E-01	
1.500000000E+02	-3.131168258E+01	8.994307582E-02	3.563140721E-04	8.863413084E-01	
1.500000000E+02	-2.850489339E+01	8.891579098E-02	3.424279833E-04	8.886054700E-01	
1.500000000E+02	-2.570630862E+01	8.789150895E-02	3.295427560E-04	8.909223669E-01	
1.500000000E+02	-2.291612587E+01	8.687030207E-02	3.176105986E-04	8.932973473E-01	
1.500000000E+02	-2.013456025E+01	8.585224905E-02	3.065842768E-04	8.957368167E-01	
2.000000000E+02	-6.626489035E+01	1.027359498E-01	6.264548487E-04	8.627995642E-01	
2.000000000E+02	-6.337236677E+01	1.016772862E-01	5.962767578E-04	8.643418155E-01	
2.000000000E+02	-6.048556271E+01	1.006207159E-01	5.677150424E-04	8.659817641E-01	
2.000000000E+02	-5.760479430E+01	9.956635471E-02	5.407191856E-04	8.677077256E-01	
2.000000000E+02	-5.473034033E+01	9.851430456E-02	5.152382614E-04	8.695092528E-01	
2.000000000E+02	-5.186244710E+01	9.746465564E-02	4.912211134E-04	8.713772723E-01	
2.000000000E+02	-4.900133353E+01	9.641748807E-02	4.686165117E-04	8.733041772E-01	
2.000000000E+02	-4.614719647E+01	9.537287391E-02	4.473732895E-04	8.752838823E-01	
2.000000000E+02	-4.330021598E+01	9.433087905E-02	4.274404581E-04	8.773118454E-01	
2.000000000E+02	-4.046056053E+01	9.329156515E-02	4.087673029E-04	8.793850606E-01	
2.000000000E+02	-3.762839204E+01	9.225499149E-02	3.913034619E-04	8.815020285E-01	
2.000000000E+02	-3.480387059E+01	9.122121664E-02	3.749989866E-04	8.836627076E-01	
2.000000000E+02	-3.198715894E+01	9.019030017E-02	3.598043905E-04	8.858684523E-01	
2.000000000E+02	-2.917842655E+01	8.916230412E-02	3.456706843E-04	8.881219400E-01	
2.000000000E+02	-2.637785339E+01	8.813729434E-02	3.325494023E-04	8.904270930E-01	
2.000000000E+02	-2.358563330E+01	8.711534179E-02	3.203926208E-04	8.927889951E-01	
2.000000000E+02	-2.080197692E+01	8.609652355E-02	3.091529707E-04	8.952138081E-01	
2.000000000E+02	-1.802711437E+01	8.508092386E-02	2.987836464E-04	8.977086893E-01	
2.000000000E+02	-1.526129739E+01	8.406863484E-02	2.892384127E-04	9.002817106E-01	
2.000000000E+02	-1.250480124E+01	8.305975725E-02	2.804716101E-04	9.029417827E-01	
2.500000000E+02	-5.964114802E+01	1.003116601E-01	5.596480752E-04	8.665317940E-01	
2.500000000E+02	-5.676220178E+01	9.925796585E-02	5.331012290E-04	8.682818748E-01	
2.500000000E+02	-5.388964527E+01	9.820661017E-02	5.080543482E-04	8.701047468E-01	
2.500000000E+02	-5.102371622E+01	9.715768014E-02	4.844562395E-04	8.719917593E-01	
2.500000000E+02	-4.816462653E+01	9.611125331E-02	4.622556783E-04	8.739357488E-01	
2.500000000E+02	-4.531256759E+01	9.506739974E-02	4.414015388E-04	8.759310824E-01	
2.500000000E+02	-4.246771555E+01	9.402618389E-02	4.218429036E-04	8.779736715E-01	
2.500000000E+02	-3.963023643E+01	9.298766653E-02	4.035291542E-04	8.800609573E-01	
2.500000000E+02	-3.680029114E+01	9.195190656E-02	3.864100437E-04	8.821918747E-01	
2.500000000E+02	-3.397804010E+01	9.091896268E-02	3.704357549E-04	8.843668002E-01	
2.500000000E+02	-3.116364762E+01	8.988889503E-02	3.555569434E-04	8.865874856E-01	
2.500000000E+02	-2.835728588E+01	8.886176663E-02	3.417247710E-04	8.888569836E-01	
2.500000000E+02	-2.555913856E+01	8.783764471E-02	3.288909292E-04	8.911795677E-01	
2.500000000E+02	-2.276940415E+01	8.681660192E-02	3.170076556E-04	8.935606486E-01	
2.500000000E+02	-1.998829873E+01	8.579871734E-02	3.060277454E-04	8.960066911E-01	
2.500000000E+02	-1.721605853E+01	8.478407742E-02	2.959045594E-04	8.985251312E-01	
2.500000000E+02	-1.445294204E+01	8.377277679E-02	2.865920305E-04	9.011242975E-01	
2.500000000E+02	-1.169923169E+01	8.276491880E-02	2.780446690E-04	9.038133239E-01	
2.500000000E+02	-8.955235582E+00	8.176061622E-02	2.702175708E-04	9.066021198E-01	
2.500000000E+02	-6.221288196E+00	8.075999148E-02	2.630664240E-04	9.095012527E-01	
3.000000000E+02	-5.393906177E+01	9.822469661E-02	5.084733046E-04	8.701276388E-01	
3.000000000E+02	-5.107301672E+01	9.717572412E-02	4.848506784E-04	8.720146361E-01	
3.000000000E+02	-4.821380757E+01	9.612925357E-02	4.626264813E-04	8.739587537E-01	
3.000000000E+02	-4.536162603E+01	9.508535513E-02	4.417495851E-04	8.759543339E-01	
3.000000000E+02	-4.251664843E+01	9.404409333E-02	4.221690677E-04	8.779972630E-01	
3.000000000E+02	-3.967904097E+01	9.300552900E-02	4.038343049E-04	8.800849577E-01	
3.000000000E+02	-3.684896458E+01	9.196972104E-02	3.866950430E-04	8.822163297E-01	
3.000000000E+02	-3.402657965E+01	9.093672815E-02	3.707014567E-04	8.843917330E-01	
3.000000000E+02	-3.121205040E+01	8.990661045E-02	3.558041934E-04	8.866128984E-01	
3.000000000E+02	-2.840554883E+01	8.887943087E-02	3.419544059E-04	8.888828593E-01	
3.000000000E+02	-2.560725841E+01	8.785525658E-02	3.291037764E-04	8.912058710E-01	
3.000000000E+02	-2.281737734E+01	8.683416011E-02	3.172045330E-04	8.935873281E-01	
3.000000000E+02	-2.003612137E+01	8.581622042E-02	3.062094611E-04	8.960336805E-01	
3.000000000E+02	-1.726372637E+01	8.480152385E-02	2.960719119E-04	8.985523513E-01	
3.000000000E+02	-1.450045042E+01	8.379016485E-02	2.867458082E-04	9.011516573E-01	
3.000000000E+02	-1.174657555E+01	8.278224665E-02	2.781856505E-04	9.038407223E-01	
3.000000000E+02	-9.002409387E+00	8.177788184E-02	2.703465244E-04	9.066294469E-01	
3.000000000E+02	-6.268285955E+00	8.077719266E-02	2.631841079E-04	9.095283913E-01	
3.000000000E+02	-3.544566704E+00	7.978031141E-02	2.566546834E-04	9.125487488E-01	
3.000000000E+02	-8.316409680E-01	7.878738059E-02	2.507151524E-04	9.157022871E-01	
3.500000000E+02	-4.889901556E+01	9.638003969E-02	4.678326722E-04	8.735442135E-01	
3.500000000E+02	-4.604513172E+01	9.533551821E-02	4.466372492E-04	8.755289658E-01	
3.500000000E+02	-4.319841066E+01	9.429361830E-02	4.267503958E-04	8.775619489E-01	
3.500000000E+02	-4.035902052E+01	9.325440151E-02	4.081214089E-04	8.796402167E-01	
3.500000000E+02	-3.752712307E+01	9.221792704E-02	3.906999401E-04	8.817623283E-01	
3.500000000E+02	-3.470287843E+01	9.118425351E-02	3.744360571E-04	8.839282992E-01	
3.500000000E+02	-3.188644951E+01	9.015344052E-02	3.592802903E-04	8.861395386E-01	
3.500000000E+02	-2.907800609E+01	8.912555023E-02	3.451836688E-04	8.883987766E-01	
3.500000000E+02	-2.627772859E+01	8.810064866E-02	3.320977461E-04	8.907099855E-01	
3.500000000E+02	-2.348581139E+01	8.707880697E-02	3.199746181E-04	8.930782966E-01	
3.500000000E+02	-2.070246579E+01	8.606010248E-02	3.087669358E-04	8.955099170E-01	
3.500000000E+02	-1.792792265E+01	8.504461969E-02	2.984279140E-04	8.980120466E-01	
3.500000000E+02	-1.516243452E+01	8.403245103E-02	2.889113379E-04	9.005927978E-01	
3.500000000E+02	-1.240627754E+01	8.302369758E-02	2.801715688E-04	9.032611197E-01	
3.500000000E+02	-9.659753108E+00	8.201846964E-02	2.721635512E-04	9.060267097E-01	
3.500000000E+02	-6.923188803E+00	8.101688710E-02	2.648428201E-04	9.089000053E-01	
3.500000000E+02	-4.196939452E+00	8.001907984E-02	2.581655118E-04	9.118920483E-01	
3.500000000E+02	-1.481387666E+00	7.902518789E-02	2.520883778E-04	9.150144771E-01	
3.500000000E+02	1.223055839E+00	7.803536156E-02	2.465688020E-04	9.182794704E-01	
3.500000000E+02	3.915952182E+00	7.704976150E-02	2.415648224E-04	9.216997074E-01	
4.000000000E+02	-4.435989854E+01	9.471872287E-02	4.347157180E-04	8.767846625E-01	
4.000000000E+02	-4.151749527E+01	9.367840327E-02	4.155792266E-04	8.788458391E-01	
4.000000000E+02	-3.868251911E+01	9.264080199E-02	3.976707644E-04	8.809513072E-01	
4.000000000E+02	-3.585513027E+01	9.160597768E-02	3.809402226E-04	8.831004964E-01	
4.000000000E+02	-3.303549002E+01	9.057398935E-02	3.653379377E-04	8.852942571E-01	
4.000000000E+02	-3.022376488E+01	8.954489795E-02	3.508147318E-04	8.875347915E-01	
4.000000000E+02	-2.742013048E+01	8.851876776E-02	3.373219416E-04	8.898255768E-01	
4.000000000E+02	-2.462477512E+01	8.749566769E-02	3.248114397E-04	8.921712836E-01	
4.000000000E+02	-2.183790288E+01	8.647567245E-02	3.132356492E-04	8.945776925E-01	
4.000000000E+02	-1.905973632E+01	8.545886349E-02	3.025475538E-04	8.970516105E-01	
4.000000000E+02	-1.629051889E+01	8.444532991E-02	2.927007051E-04	8.996007900E-01	
4.000000000E+02	-1.353051693E+01	8.343516920E-02	2.836492284E-04	9.022338505E-01	
4.000000000E+02	-1.078002127E+01	8.242848778E-02	2.753478293E-04	9.049601917E-01	
4.000000000E+02	-8.039348775E+00	8.142540165E-02	2.677518005E-04	9.077899723E-01	
4.000000000E+02	-5.308843022E+00	8.042603655E-02	2.608170314E-04	9.107339854E-01	
4.000000000E+02	-2.588875225E+00	7.943052833E-02	2.545000204E-04	9.138036403E-01	
4.000000000E+02	1.201553981E-01	7.843902312E-02	2.487578906E-04	9.170109048E-01	
4.000000000E+02	2.817821458E+00	7.745167735E-02	2.435484104E-04	9.203682629E-01	
4.000000000E+02	5.503667477E+00	7.646865770E-02	2.388300166E-04	9.238886794E-01	
4.000000000E+02	8.177210241E+00	7.549014105E-02	2.345618439E-04	9.275855719E-01	
4.500000000E+02	-4.021434631E+01	9.320145075E-02	4.072037076E-04	8.798676279E-01	
4.500000000E+02	-3.738283545E+01	9.216511777E-02	3.898425073E-04	8.819943598E-01	
4.500000000E+02	-3.455898560E+01	9.113158873E-02	3.736363570E-04	8.841650722E-01	
4.500000000E+02	-3.174295993E+01	9.010092333E-02	3.585358120E-04	8.863812475E-01	
4.500000000E+02	-2.893492869E+01	8.907318390E-02	3.444919276E-04	8.886456858E-01	
4.500000000E+02	-2.613507292E+01	8.804843669E-02	3.314562845E-04	8.909624250E-01	
4.500000000E+02	-2.334358780E+01	8.702675313E-02	3.193810068E-04	8.933366586E-01	
4.500000000E+02	-2.056068557E+01	8.600821092E-02	3.082187739E-04	8.957746516E-01	
4.500000000E+02	-1.778659812E+01	8.499289491E-02	2.979228295E-04	8.982836581E-01	
4.500000000E+02	-1.502157920E+01	8.398089799E-02	2.884469883E-04	9.008718411E-01	
4.500000000E+02	-1.226590618E+01	8.297232166E-02	2.797456410E-04	9.035481972E-01	
4.500000000E+02	-9.519881786E+00	8.196727673E-02	2.717737622E-04	9.063224674E-01	
4.500000000E+02	-6.783834955E+00	8.096588359E-02	2.644869171E-04	9.092051315E-01	
4.500000000E+02	-4.058121924E+00	7.996827262E-02	2.578412732E-04	9.122072701E-01	
4.500000000E+02	-1.343126732E+00	7.897458438E-02	2.517936137E-04	9.153405591E-01	
4.500000000E+02	1.360738468E+00	7.798496972E-02	2.463013553E-04	9.186172128E-01	
4.500000000E+02	4.053033360E+00	7.699958979E-02	2.413225701E-04	9.220499450E-01	
4.500000000E+02	6.733289656E+00	7.601861599E-02	2.368160118E-04	9.256519371E-01	
4.500000000E+02	9.401011505E+00	7.504222979E-02	2.327411462E-04	9.294368124E-01	
4.500000000E+02	1.205567610E+01	7.407062255E-02	2.290581863E-04	9.334186187E-01	
5.000000000E+02	-3.638696521E+01	9.180062927E-02	3.840030076E-04	8.828158725E-01	
5.000000000E+02	-3.356585332E+01	9.076810232E-02	3.681920356E-04	8.850036190E-01	
5.000000000E+02	-3.075262460E+01	8.973846060E-02	3.534693646E-04	8.872377126E-01	
5.000000000E+02	-2.794745268E+01	8.871176768E-02	3.397862326E-04	8.895214013E-01	
5.000000000E+02	-2.515052323E+01	8.768809150E-02	3.270944100E-04	8.918591421E-01	
5.000000000E+02	-2.236203712E+01	8.666750559E-02	3.153462154E-04	8.942565179E-01	
5.000000000E+02	-1.958221326E+01	8.565009005E-02	3.044945262E-04	8.967201546E-01	
5.000000000E+02	-1.681129099E+01	8.463593250E-02	2.944927867E-04	8.992576382E-01	
5.000000000E+02	-1.404953221E+01	8.362512879E-02	2.852950138E-04	9.018774372E-01	
5.000000000E+02	-1.129722301E+01	8.261778362E-02	2.768558030E-04	9.045888148E-01	
5.000000000E+02	-8.554675304E+00	8.161401116E-02	2.691303362E-04	9.074018037E-01	
5.000000000E+02	-5.822227537E+00	8.061393528E-02	2.620743893E-04	9.103270848E-01	
5.000000000E+02	-3.100245691E+00	7.961768992E-02	2.556443450E-04	9.133759653E-01	
5.000000000E+02	-3.891236922E-01	7.862541927E-02	2.497972074E-04	9.165603202E-01	
5.000000000E+02	2.310716377E+00	7.763727781E-02	2.444906216E-04	9.198925486E-01	
5.000000000E+02	4.998824311E+00	7.665343030E-02	2.396828966E-04	9.233855375E-01	
5.000000000E+02	7.674722054E+00	7.567405173E-02	2.353330332E-04	9.270526320E-01	
5.000000000E+02	1.033790417E+01	7.469932707E-02	2.314007562E-04	9.309076127E-01	
5.000000000E+02	1.298783854E+01	7.372945109E-02	2.278465512E-04	9.349646801E-01	
5.000000000E+02	1.562396721E+01	7.276462800E-02	2.246317049E-04	9.392384464E-01	
5.500000000E+02	-3.282264116E+01	9.049608666E-02	3.642028708E-04	8.856519228E-01	
5.500000000E+02	-3.001152141E+01	8.946721684E-02	3.497592595E-04	8.879000484E-01	
5.500000000E+02	-2.720850616E+01	8.844131325E-02	3.363424065E-04	8.901988781E-01	
5.500000000E+02	-2.441378479E+01	8.741844523E-02	3.239042255E-04	8.925531768E-01	
5.500000000E+02	-2.162756268E+01	8.639868794E-02	3.123971817E-04	8.949688132E-01	
5.500000000E+02	-1.885006390E+01	8.538212339E-02	3.017743016E-04	8.974526773E-01	
5.500000000E+02	-1.608153357E+01	8.436884129E-02	2.919891798E-04	9.000125985E-01	
5.500000000E+02	-1.332223983E+01	8.335893978E-02	2.829959855E-04	9.026572685E-01	
5.500000000E+02	-1.057247540E+01	8.235252600E-02	2.747494680E-04	9.053961539E-01	
5.500000000E+02	-7.832559176E+00	8.134971666E-02	2.672049651E-04	9.082394774E-01	
5.500000000E+02	-5.102836786E+00	8.035063826E-02	2.603184117E-04	9.111980913E-01	
5.500000000E+02	-2.383681551E+00	7.935542745E-02	2.540463527E-04	9.142834616E-01	
5.500000000E+02	3.245051828E-01	7.836423110E-02	2.483459595E-04	9.175076098E-01	
5.500000000E+02	3.021293898E+00	7.737720643E-02	2.431750498E-04	9.208830722E-01	
5.500000000E+02	5.706227003E+00	7.639452092E-02	2.384921124E-04	9.244228643E-01	
5.500000000E+02	8.378819163E+00	7.541635219E-02	2.342563358E-04	9.281404538E-01	
5.500000000E+02	1.103855783E+01	7.444288783E-02	2.304276419E-04	9.320497393E-01	
5.500000000E+02	1.368490396E+01	7.347432515E-02	2.269667236E-04	9.361650372E-01	
5.500000000E+02	1.631729296E+01	7.251087078E-02	2.238350862E-04	9.405010745E-01	
5.500000000E+02	1.893513563E+01	7.155274036E-02	2.209950939E-04	9.450729901E-01	
6.000000000E+02	-2.947977954E+01	8.927259931E-02	3.471396690E-04	8.883964862E-01	
6.000000000E+02	-2.667832083E+01	8.824726542E-02	3.339119302E-04	8.907067913E-01	
6.000000000E+02	-2.388519359E+01	8.722498085E-02	3.216538138E-04	8.930736450E-01	
6.000000000E+02	-2.110060655E+01	8.620582200E-02	3.103178907E-04	8.955031186E-01	
6.000000000E+02	-1.832478761E+01	8.518987227E-02	2.998572946E-04	8.980022889E-01	
6.000000000E+02	-1.555798610E+01	8.417722291E-02	2.902257285E-04	9.005791577E-01	
6.000000000E+02	-1.280047473E+01	8.316797375E-02	2.813774711E-04	9.032425749E-01	
6.000000000E+02	-1.005255104E+01	8.216223368E-02	2.732673825E-04	9.060021510E-01	
6.000000000E+02	-7.314538958E+00	8.116012126E-02	2.658509129E-04	9.088682439E-01	
6.000000000E+02	-4.586789311E+00	8.016176489E-02	2.590841116E-04	9.118518277E-01	
6.000000000E+02	-1.869680707E+00	7.916730314E-02	2.529236410E-04	9.149644814E-01	
6.000000000E+02	8.363801758E-01	7.817688486E-02	2.473267931E-04	9.182183317E-01	
6.000000000E+02	3.530958484E+00	7.719066919E-02	2.422515108E-04	9.216260130E-01	
6.000000000E+02	6.213591338E+00	7.620882557E-02	2.376564132E-04	9.252006338E-01	
6.000000000E+02	8.883788200E+00	7.523153352E-02	2.335008251E-04	9.289557504E-01	
6.000000000E+02	1.154103144E+01	7.425898249E-02	2.297448113E-04	9.329053477E-01	
6.000000000E+02	1.418477711E+01	7.329137158E-02	2.263492154E-04	9.370638267E-01	
6.000000000E+02	1.681445584E+01	7.232890916E-02	2.232757019E-04	9.414459995E-01	
6.000000000E+02	1.942947395E+01	7.137181253E-02	2.204868029E-04	9.460670913E-01	
6.000000000E+02	2.202921468E+01	7.042030743E-02	2.179459677E-04	9.509427499E-01	
6.500000000E+02	-2.632616399E+01	8.811837602E-02	3.323160867E-04	8.910680052E-01	
6.500000000E+02	-2.353410023E+01	8.709648068E-02	3.201766860E-04	8.934438100E-01	
6.500000000E+02	-2.075060425E+01	8.607772116E-02	3.089535463E-04	8.958831251E-01	
6.500000000E+02	-1.797590655E+01	8.506218180E-02	2.985998727E-04	8.983931509E-01	
6.500000000E+02	-1.521025929E+01	8.404995490E-02	2.890694403E-04	9.009820031E-01	
6.500000000E+02	-1.245393819E+01	8.304114138E-02	2.803166006E-04	9.036586366E-01	
6.500000000E+02	-9.707244190E+00	8.203585137E-02	2.722962879E-04	9.064327571E-01	
6.500000000E+02	-6.970504417E+00	8.103420462E-02	2.649640268E-04	9.093148128E-01	
6.500000000E+02	-4.244073216E+00	8.003633080E-02	2.582759432E-04	9.123158591E-01	
6.500000000E+02	-1.528332714E+00	7.904236977E-02	2.521887776E-04	9.154475505E-01	
6.500000000E+02	1.176306861E+00	7.805247169E-02	2.466599029E-04	9.187220844E-01	
6.500000000E+02	3.869407115E+00	7.706679700E-02	2.416473456E-04	9.221521615E-01	
6.500000000E+02	6.550501662E+00	7.608551639E-02	2.371098118E-04	9.257509534E-01	
6.500000000E+02	9.219096517E+00	7.510881067E-02	2.330067177E-04	9.295320771E-01	
6.500000000E+02	1.187467069E+01	7.413687053E-02	2.292982239E-04	9.335095766E-01	
6.500000000E+02	1.451667697E+01	7.316989623E-02	2.259452749E-04	9.376979114E-01	
6.500000000E+02	1.714454289E+01	7.220809730E-02	2.229096418E-04	9.421119529E-01	
6.500000000E+02	1.975767176E+01	7.125169214E-02	2.201539694E-04	9.467669865E-01	
6.500000000E+02	2.235544402E+01	7.030090749E-02	2.176418261E-04	9.516787229E-01	
6.500000000E+02	2.493721847E+01	6.935597804E-02	2.153377570E-04	9.568633160E-01	
7.000000000E+02	-2.333629878E+01	8.702408535E-02	3.193506455E-04	8.936826763E-01	
7.000000000E+02	-2.055341929E+01	8.600555146E-02	3.081907388E-04	8.961282393E-01	
7.000000000E+02	-1.777935522E+01	8.499024401E-02	2.978969992E-04	8.986451155E-01	
7.000000000E+02	-1.501436037E+01	8.397825590E-02	2.884232426E-04	9.012414859E-01	
7.000000000E+02	-1.225871218E+01	8.296968866E-02	2.797238614E-04	9.039263652E-01	
7.000000000E+02	-9.512713435E+00	8.196465312E-02	2.717538318E-04	9.067095140E-01	
7.000000000E+02	-6.776693152E+00	8.096326969E-02	2.644687205E-04	9.096014327E-01	
7.000000000E+02	-4.051007637E+00	7.996566880E-02	2.578246965E-04	9.126132237E-01	
7.000000000E+02	-1.336041001E+00	7.897199101E-02	2.517785446E-04	9.157565859E-01	
7.000000000E+02	1.367794527E+00	7.798238720E-02	2.462876834E-04	9.190437582E-01	
7.000000000E+02	4.060058559E+00	7.699701857E-02	2.413101867E-04	9.224874808E-01	
7.000000000E+02	6.740282734E+00	7.601605652E-02	2.368048099E-04	9.261009629E-01	
7.000000000E+02	9.407971129E+00	7.503968257E-02	2.327310208E-04	9.298978582E-01	
7.000000000E+02	1.206260086E+01	7.406808809E-02	2.290490343E-04	9.338922467E-01	
7.000000000E+02	1.470362291E+01	7.310147401E-02	2.257198520E-04	9.380986241E-01	
7.000000000E+02	1.733046305E+01	7.214005052E-02	2.227053056E-04	9.425318981E-01	
7.000000000E+02	1.994252289E+01	7.118403662E-02	2.199681037E-04	9.472073918E-01	
7.000000000E+02	2.253918133E+01	7.023365963E-02	2.174718822E-04	9.521408554E-01	
7.000000000E+02	2.511979567E+01	6.928915478E-02	2.151812575E-04	9.573484844E-01	
7.000000000E+02	2.768370327E+01	6.835076460E-02	2.130618816E-04	9.628469473E-01	
7.500000000E+02	-2.048963712E+01	8.598220719E-02	3.079448961E-04	8.962546472E-01	
7.500000000E+02	-1.771577832E+01	8.496697487E-02	2.976704960E-04	8.987747894E-01	
7.500000000E+02	-1.495099483E+01	8.395506411E-02	2.882150255E-04	9.013746825E-01	
7.500000000E+02	-1.219556465E+01	8.294657666E-02	2.795328902E-04	9.040633632E-01	
7.500000000E+02	-9.449791186E+00	8.194162357E-02	2.715790799E-04	9.068506120E-01	
7.500000000E+02	-6.714004050E+00	8.094032548E-02	2.643091748E-04	9.097469486E-01	
7.500000000E+02	-3.988560186E+00	7.994281303E-02	2.576793580E-04	9.127634933E-01	
7.500000000E+02	-1.273844349E+00	7.894922703E-02	2.516464287E-04	9.159119624E-01	
7.500000000E+02	1.429730586E+00	7.795971861E-02	2.461678201E-04	9.192046112E-01	
7.500000000E+02	4.121723585E+00	7.697444917E-02	2.412016214E-04	9.226541960E-01	
7.500000000E+02	6.801665651E+00	7.599359037E-02	2.367066041E-04	9.262739420E-01	
7.500000000E+02	9.469060233E+00	7.501732395E-02	2.326422525E-04	9.300775186E-01	
7.500000000E+02	1.212338384E+01	7.404584151E-02	2.289687994E-04	9.340790216E-01	
7.500000000E+02	1.476408686E+01	7.307934421E-02	2.256472648E-04	9.382929631E-01	
7.500000000E+02	1.739059447E+01	7.211804242E-02	2.226395000E-04	9.427342674E-01	
7.500000000E+02	2.000230783E+01	7.116215533E-02	2.199082343E-04	9.474182754E-01	
7.500000000E+02	2.259860524E+01	7.021191048E-02	2.174171255E-04	9.523607558E-01	
7.500000000E+02	2.517884356E+01	6.926754326E-02	2.151308131E-04	9.575779240E-01	
7.500000000E+02	2.774235963E+01	6.832929638E-02	2.130149738E-04	9.630864699E-01	
7.500000000E+02	3.028847180E+01	6.739741932E-02	2.110363781E-04	9.689035938E-01	
8.000000000E+02	-1.776936043E+01	8.498658592E-02	2.978613636E-04	8.987962669E-01	
8.000000000E+02	-1.500439880E+01	8.397460996E-02	2.883904832E-04	9.013961279E-01	
8.000000000E+02	-1.224878487E+01	8.296605526E-02	2.796938148E-04	9.040846564E-01	
8.000000000E+02	-9.502821528E+00	8.196103268E-02	2.717263364E-04	9.068716226E-01	
8.000000000E+02	-6.766837884E+00	8.095966267E-02	2.644436171E-04	9.097675368E-01	
8.000000000E+02	-4.041190344E+00	7.996207567E-02	2.578018280E-04	9.127835118E-01	
8.000000000E+02	-1.326263120E+00	7.896841230E-02	2.517577563E-04	9.159312570E-01	
8.000000000E+02	1.377531457E+00	7.797882349E-02	2.462688227E-04	9.192230226E-01	
8.000000000E+02	4.069752899E+00	7.699347044E-02	2.412931035E-04	9.226715604E-01	
8.000000000E+02	6.749932743E+00	7.601252462E-02	2.367893566E-04	9.262900922E-01	
8.000000000E+02	9.417574968E+00	7.503616756E-02	2.327170525E-04	9.300922848E-01	
8.000000000E+02	1.207215660E+01	7.406459068E-02	2.290364088E-04	9.340922322E-01	
8.000000000E+02	1.471312851E+01	7.309799497E-02	2.257084301E-04	9.383044451E-01	
8.000000000E+02	1.733991640E+01	7.213659060E-02	2.226949511E-04	9.427438473E-01	
8.000000000E+02	1.995192179E+01	7.118059662E-02	2.199586837E-04	9.474257794E-01	
8.000000000E+02	2.254852350E+01	7.023024040E-02	2.174632671E-04	9.523660103E-01	
8.000000000E+02	2.512907875E+01	6.928575718E-02	2.151733215E-04	9.575807559E-01	
8.000000000E+02	2.769292477E+01	6.834738953E-02	2.130545028E-04	9.630867067E-01	
8.000000000E+02	3.023938023E+01	6.741538684E-02	2.110735599E-04	9.689010639E-01	
8.000000000E+02	3.276774688E+01	6.649000464E-02	2.091983929E-04	9.750415853E-01	
8.500000000E+02	-1.516151567E+01	8.403211474E-02	2.889083025E-04	9.013183352E-01	
8.500000000E+02	-1.240536184E+01	8.302336243E-02	2.801687843E-04	9.040032142E-01	
8.500000000E+02	-9.658840671E+00	8.201813569E-02	2.721610029E-04	9.067860205E-01	
8.500000000E+02	-6.922279738E+00	8.101655438E-02	2.648404932E-04	9.096772295E-01	
8.500000000E+02	-4.196033882E+00	8.001874840E-02	2.581633918E-04	9.126879233E-01	
8.500000000E+02	-1.480485723E+00	7.902485777E-02	2.520864504E-04	9.158297837E-01	
8.500000000E+02	1.223954013E+00	7.803503283E-02	2.465670531E-04	9.191150358E-01	
8.500000000E+02	3.916846437E+00	7.704943420E-02	2.415632383E-04	9.225564089E-01	
8.500000000E+02	6.597724671E+00	7.606823277E-02	2.370337242E-04	9.261671038E-01	
8.500000000E+02	9.266094246E+00	7.509160951E-02	2.329379398E-04	9.299607685E-01	
8.500000000E+02	1.192143370E+01	7.411975527E-02	2.292360593E-04	9.339514793E-01	
8.500000000E+02	1.456319538E+01	7.315287049E-02	2.258890414E-04	9.381537300E-01	
8.500000000E+02	1.719080637E+01	7.219116487E-02	2.228586722E-04	9.425824283E-01	
8.500000000E+02	1.980366956E+01	7.123485694E-02	2.201076124E-04	9.472528985E-01	
8.500000000E+02	2.240116500E+01	7.028417361E-02	2.175994471E-04	9.521808933E-01	
8.500000000E+02	2.498265113E+01	6.933934969E-02	2.152987391E-04	9.573826120E-01	
8.500000000E+02	2.754746625E+01	6.840062735E-02	2.131710838E-04	9.628747273E-01	
8.500000000E+02	3.009493006E+01	6.746825560E-02	2.111831665E-04	9.686744212E-01	
8.500000000E+02	3.262434524E+01	6.654248964E-02	2.093028201E-04	9.747994306E-01	
8.500000000E+02	3.513499902E+01	6.562359036E-02	2.074990839E-04	9.812681023E-01	
9.000000000E+02	-1.265438967E+01	8.311450662E-02	2.809288885E-04	9.038303319E-01	
9.000000000E+02	-9.906983644E+00	8.210895601E-02	2.728567268E-04	9.066055675E-01	
9.000000000E+02	-7.169507164E+00	8.110703962E-02	2.654758363E-04	9.094883014E-01	
9.000000000E+02	-4.442312512E+00	8.010888638E-02	2.587422985E-04	9.124895643E-01	
9.000000000E+02	-1.725779779E+00	7.911463540E-02	2.526128087E-04	9.156209908E-01	
9.000000000E+02	9.796828605E-01	7.812443607E-02	2.470446930E-04	9.188947633E-01	
9.000000000E+02	3.673639061E+00	7.713844810E-02	2.419959295E-04	9.223235718E-01	
9.000000000E+02	6.355624464E+00	7.615684145E-02	2.374251738E-04	9.259205810E-01	
9.000000000E+02	9.025147077E+00	7.517979617E-02	2.332917892E-04	9.296994050E-01	
9.000000000E+02	1.168168785E+01	7.420750225E-02	2.295558809E-04	9.336740879E-01	
9.000000000E+02	1.432470147E+01	7.324015926E-02	2.261783348E-04	9.378590928E-01	
9.000000000E+02	1.695361724E+01	7.227797609E-02	2.231208604E-04	9.422692971E-01	
9.000000000E+02	1.956784023E+01	7.132117048E-02	2.203460371E-04	9.469199951E-01	
9.000000000E+02	2.216675247E+01	7.036996860E-02	2.178173643E-04	9.518269084E-01	
9.000000000E+02	2.474971431E+01	6.942460456E-02	2.154993141E-04	9.570062041E-01	
9.000000000E+02	2.731606581E+01	6.848531991E-02	2.133573860E-04	9.624745209E-01	
9.000000000E+02	2.986512829E+01	6.755236305E-02	2.113581644E-04	9.682490041E-01	
9.000000000E+02	3.239620590E+01	6.662598864E-02	2.094693759E-04	9.743473499E-01	
9.000000000E+02	3.490858721E+01	6.570645708E-02	2.076599483E-04	9.807878609E-01	
9.000000000E+02	3.740154681E+01	6.479403387E-02	2.059000684E-04	9.875895117E-01	
9.500000000E+02	-1.023804665E+01	8.223012507E-02	2.737933953E-04	9.063406019E-01	
9.500000000E+02	-7.499353642E+00	8.122776343E-02	2.663314181E-04	9.092115622E-01	
9.500000000E+02	-4.770898467E+00	8.022914884E-02	2.595220617E-04	9.121997589E-01	
9.500000000E+02	-2.053057852E+00	7.923441917E-02	2.533219467E-04	9.153167619E-01	
9.500000000E+02	6.537634277E-01	7.824372259E-02	2.476883219E-04	9.185746943E-01	
9.500000000E+02	3.349132422E+00	7.725721753E-02	2.425790855E-04	9.219861915E-01	
9.500000000E+02	6.032588139E+00	7.627507274E-02	2.379528098E-04	9.255643678E-01	
9.500000000E+02	8.703641892E+00	7.529746707E-02	2.337687710E-04	9.293227897E-01	
9.500000000E+02	1.136177786E+01	7.432458930E-02	2.299869828E-04	9.332754566E-01	
9.500000000E+02	1.400645385E+01	7.335663789E-02	2.265682347E-04	9.374367878E-01	
9.500000000E+02	1.663710218E+01	7.239382060E-02	2.234741343E-04	9.418216180E-01	
9.500000000E+02	1.925313078E+01	7.143635413E-02	2.206671534E-04	9.464451984E-01	
9.500000000E+02	2.185392440E+01	7.048446367E-02	2.181106778E-04	9.513232068E-01	
9.500000000E+02	2.443884592E+01	6.953838239E-02	2.157690592E-04	9.564717644E-01	
9.500000000E+02	2.700723776E+01	6.859835098E-02	2.136076701E-04	9.619074612E-01	
9.500000000E+02	2.955842345E+01	6.766461702E-02	2.115929610E-04	9.676473901E-01	
9.500000000E+02	3.209170910E+01	6.673743447E-02	2.096925175E-04	9.737091901E-01	
9.500000000E+02	3.460638508E+01	6.581706306E-02	2.078751193E-04	9.801111002E-01	
9.500000000E+02	3.710172761E+01	6.490376769E-02	2.061107982E-04	9.868720243E-01	
9.500000000E+02	3.957700036E+01	6.399781787E-02	2.043708963E-04	9.940116097E-01	
1.000000000E+03	-7.903980421E+00	8.137585683E-02	2.673934231E-04	9.088565819E-01	
1.000000000E+03	-5.173987207E+00	8.037667932E-02	2.604902435E-04	9.118285489E-01	
1.000000000E+03	-2.454551044E+00	7.938136568E-02	2.542026852E-04	9.149276504E-01	
1.000000000E+03	2.539274575E-01	7.839006255E-02	2.484879029E-04	9.181659347E-01	
1.000000000E+03	2.951019514E+00	7.740292686E-02	2.433036972E-04	9.215559686E-01	
1.000000000E+03	5.636268265E+00	7.642012582E-02	2.386085391E-04	9.251108026E-01	
1.000000000E+03	8.309189093E+00	7.544183679E-02	2.343615984E-04	9.288439434E-01	
1.000000000E+03	1.096927015E+01	7.446824713E-02	2.305227774E-04	9.327693331E-01	
1.000000000E+03	1.361597308E+01	7.349955385E-02	2.270527482E-04	9.369013361E-01	
1.000000000E+03	1.624873394E+01	7.253596338E-02	2.239129945E-04	9.412547328E-01	
1.000000000E+03	1.886696416E+01	7.157769112E-02	2.210658574E-04	9.458447199E-01	
1.000000000E+03	2.147005186E+01	7.062496102E-02	2.184745839E-04	9.506869195E-01	
1.000000000E+03	2.405736306E+01	6.967800512E-02	2.161033795E-04	9.557973950E-01	
1.000000000E+03	2.662824312E+01	6.873706302E-02	2.139174623E-04	9.611926749E-01	
1.000000000E+03	2.918201826E+01	6.780238132E-02	2.118831194E-04	9.668897858E-01	
1.000000000E+03	3.171799708E+01	6.687421307E-02	2.099677648E-04	9.729062945E-01	
1.000000000E+03	3.423547217E+01	6.595281719E-02	2.081399978E-04	9.792603603E-01	
1.000000000E+03	3.673372173E+01	6.503845785E-02	2.063696614E-04	9.859707982E-01	
1.000000000E+03	3.921201120E+01	6.413140390E-02	2.046279000E-04	9.930571553E-01	
1.000000000E+03	4.166959489E+01	6.323192827E-02	2.028872165E-04	1.000539802E+00	
1.050000000E+03	-5.644847700E+00	8.054901426E-02	2.616375674E-04	9.113848747E-01	
1.050000000E+03	-2.923559976E+00	7.955302295E-02	2.552467402E-04	9.144630648E-01	
1.050000000E+03	-2.131586965E-01	7.856101608E-02	2.494360449E-04	9.176783980E-01	
1.050000000E+03	2.485932222E+00	7.757314881E-02	2.441631691E-04	9.210433590E-01	
1.050000000E+03	5.173260752E+00	7.658958656E-02	2.393864658E-04	9.245709222E-01	
1.050000000E+03	7.848347039E+00	7.561050498E-02	2.350649819E-04	9.282745225E-01	
1.050000000E+03	1.051068389E+01	7.463608970E-02	2.311584907E-04	9.321680341E-01	
1.050000000E+03	1.315973748E+01	7.366653608E-02	2.276275283E-04	9.362657556E-01	
1.050000000E+03	1.579494819E+01	7.270204896E-02	2.244334353E-04	9.405824024E-01	
1.050000000E+03	1.841573166E+01	7.174284221E-02	2.215384010E-04	9.451331066E-01	
1.050000000E+03	2.102147992E+01	7.078913835E-02	2.189055124E-04	9.499334243E-01	
1.050000000E+03	2.361156271E+01	6.984116805E-02	2.164988055E-04	9.549993498E-01	
1.050000000E+03	2.618532887E+01	6.889916963E-02	2.142833196E-04	9.603473389E-01	
1.050000000E+03	2.874210780E+01	6.796338855E-02	2.122251529E-04	9.659943401E-01	
1.050000000E+03	3.128121104E+01	6.703407676E-02	2.102915207E-04	9.719578349E-01	
1.050000000E+03	3.380193383E+01	6.611149222E-02	2.084508133E-04	9.782558887E-01	
1.050000000E+03	3.630355674E+01	6.519589823E-02	2.066726547E-04	9.849072120E-01	
1.050000000E+03	3.878534729E+01	6.428756289E-02	2.049279605E-04	9.919312346E-01	
1.050000000E+03	4.124656157E+01	6.338675847E-02	2.031889948E-04	9.993481941E-01	
1.050000000E+03	4.368644575E+01	6.249376086E-02	2.014294256E-04	1.007179240E+00	
1.100000000E+03	-3.454261502E+00	7.974725971E-02	2.564481218E-04	9.139314185E-01	
1.100000000E+03	-7.417013614E-01	7.875446270E-02	2.505274561E-04	9.171209591E-01	
1.100000000E+03	1.959633435E+00	7.776577416E-02	2.451528231E-04	9.204577331E-01	
1.100000000E+03	4.649296337E+00	7.678135754E-02	2.402824438E-04	9.239546267E-01	
1.100000000E+03	7.326812891E+00	7.580138648E-02	2.358752273E-04	9.276249923E-01	
1.100000000E+03	9.991681200E+00	7.482604468E-02	2.318908021E-04	9.314826255E-01	
1.100000000E+03	1.264337257E+01	7.385552564E-02	2.282895523E-04	9.355417491E-01	
1.100000000E+03	1.528133235E+01	7.289003236E-02	2.250326579E-04	9.398170045E-01	
1.100000000E+03	1.790498093E+01	7.192977698E-02	2.220821387E-04	9.443234494E-01	
1.100000000E+03	2.051371483E+01	7.097498037E-02	2.194009024E-04	9.490765640E-01	
1.100000000E+03	2.310690807E+01	7.002587165E-02	2.169527956E-04	9.540922645E-01	
1.100000000E+03	2.568391344E+01	6.908268768E-02	2.147026570E-04	9.593869239E-01	
1.100000000E+03	2.824406403E+01	6.814567257E-02	2.126163737E-04	9.649774019E-01	
1.100000000E+03	3.078667472E+01	6.721507705E-02	2.106609382E-04	9.708810836E-01	
1.100000000E+03	3.331104383E+01	6.629115796E-02	2.088045066E-04	9.771159283E-01	
1.100000000E+03	3.581645466E+01	6.537417759E-02	2.070164574E-04	9.837005286E-01	
1.100000000E+03	3.830217717E+01	6.446440316E-02	2.052674493E-04	9.906541824E-01	
1.100000000E+03	4.076746953E+01	6.356210615E-02	2.035294788E-04	9.979969782E-01	
1.100000000E+03	4.321157974E+01	6.266756182E-02	2.017759353E-04	1.005749896E+00	
1.100000000E+03	4.563374709E+01	6.178104857E-02	1.999816548E-04	1.013934929E+00	
1.150000000E+03	-1.326628861E+00	7.896854616E-02	2.517585337E-04	9.165015812E-01	
1.150000000E+03	1.377167248E+00	7.797895679E-02	2.462695280E-04	9.198075067E-01	
1.150000000E+03	4.069390283E+00	7.699360316E-02	2.412937423E-04	9.232708158E-01	
1.150000000E+03	6.749571785E+00	7.601265673E-02	2.367899345E-04	9.269047678E-01	
1.150000000E+03	9.417215738E+00	7.503629904E-02	2.327175749E-04	9.307230699E-01	
1.150000000E+03	1.207179917E+01	7.406472150E-02	2.290368810E-04	9.347398601E-01	
1.150000000E+03	1.471277296E+01	7.309812510E-02	2.257088573E-04	9.389696963E-01	
1.150000000E+03	1.733956280E+01	7.213672002E-02	2.226953383E-04	9.434275534E-01	
1.150000000E+03	1.995157023E+01	7.118072530E-02	2.199590360E-04	9.481288275E-01	
1.150000000E+03	2.254817406E+01	7.023036829E-02	2.174635893E-04	9.530893478E-01	
1.150000000E+03	2.512873152E+01	6.928588426E-02	2.151736183E-04	9.583253956E-01	
1.150000000E+03	2.769257984E+01	6.834751578E-02	2.130547788E-04	9.638537328E-01	
1.150000000E+03	3.023903769E+01	6.741551221E-02	2.110738195E-04	9.696916384E-01	
1.150000000E+03	3.276740684E+01	6.649012910E-02	2.091986403E-04	9.758569552E-01	
1.150000000E+03	3.527697369E+01	6.557162763E-02	2.073983508E-04	9.823681467E-01	
1.150000000E+03	3.776701093E+01	6.466027400E-02	2.056433283E-04	9.892443664E-01	
1.150000000E+03	4.023677917E+01	6.375633882E-02	2.039052756E-04	9.965055402E-01	
1.150000000E+03	4.268552847E+01	6.286009658E-02	2.021572765E-04	1.004172464E+00	
1.150000000E+03	4.511249987E+01	6.197182505E-02	2.003738504E-04	1.012266920E+00	
1.150000000E+03	4.751692681E+01	6.109180479E-02	1.985310031E-04	1.020811812E+00	
1.200000000E+03	7.429784436E-01	7.821106989E-02	2.475114160E-04	9.191002503E-01	
1.200000000E+03	3.437961451E+00	7.722470611E-02	2.424187899E-04	9.225275024E-01	
1.200000000E+03	6.121015478E+00	7.624270834E-02	2.378077680E-04	9.261223330E-01	
1.200000000E+03	8.791650934E+00	7.526525576E-02	2.336376502E-04	9.298983515E-01	
1.200000000E+03	1.144935111E+01	7.429253749E-02	2.298684752E-04	9.338696021E-01	
1.200000000E+03	1.409357297E+01	7.332475229E-02	2.264610589E-04	9.380505513E-01	
1.200000000E+03	1.672374798E+01	7.236210824E-02	2.233770366E-04	9.424560830E-01	
1.200000000E+03	1.933928331E+01	7.140482231E-02	2.205789097E-04	9.471015014E-01	
1.200000000E+03	2.193956296E+01	7.045311996E-02	2.180300948E-04	9.520025410E-01	
1.200000000E+03	2.452394910E+01	6.950723463E-02	2.156949764E-04	9.571753837E-01	
1.200000000E+03	2.709178352E+01	6.856740723E-02	2.135389620E-04	9.626366857E-01	
1.200000000E+03	2.964238912E+01	6.763388558E-02	2.115285384E-04	9.684036116E-01	
1.200000000E+03	3.217507150E+01	6.670692383E-02	2.096313298E-04	9.744938788E-01	
1.200000000E+03	3.468912052E+01	6.578678189E-02	2.078161562E-04	9.809258124E-01	
1.200000000E+03	3.718381195E+01	6.487372483E-02	2.060530921E-04	9.877184112E-01	
1.200000000E+03	3.965840909E+01	6.396802227E-02	2.043135235E-04	9.948914271E-01	
1.200000000E+03	4.211216434E+01	6.306994785E-02	2.025702050E-04	1.002465459E+00	
1.200000000E+03	4.454432073E+01	6.217977861E-02	2.007973141E-04	1.010462066E+00	
1.200000000E+03	4.695411336E+01	6.129779451E-02	1.989705027E-04	1.018903895E+00	
1.200000000E+03	4.934077076E+01	6.042427790E-02	1.970669469E-04	1.027814839E+00	
1.250000000E+03	2.758927681E+00	7.747323247E-02	2.436569768E-04	9.217319087E-01	
1.250000000E+03	5.445037365E+00	7.649011632E-02	2.389282791E-04	9.252853408E-01	
1.250000000E+03	8.118854621E+00	7.551149921E-02	2.346506888E-04	9.290165806E-01	
1.250000000E+03	1.077986952E+01	7.453756776E-02	2.307840547E-04	9.329395697E-01	
1.250000000E+03	1.342754558E+01	7.356851832E-02	2.272889927E-04	9.370686754E-01	
1.250000000E+03	1.606132063E+01	7.260455665E-02	2.241269271E-04	9.414186834E-01	
1.250000000E+03	1.868060785E+01	7.164589753E-02	2.212601362E-04	9.460047988E-01	
1.250000000E+03	2.128479695E+01	7.069276432E-02	2.186518007E-04	9.508426543E-01	
1.250000000E+03	2.387325549E+01	6.974538849E-02	2.162660559E-04	9.559483259E-01	
1.250000000E+03	2.644533028E+01	6.880400912E-02	2.140680456E-04	9.613383569E-01	
1.250000000E+03	2.900034883E+01	6.786887233E-02	2.120239790E-04	9.670297904E-01	
1.250000000E+03	3.153762094E+01	6.694023074E-02	2.101011876E-04	9.730402113E-01	
1.250000000E+03	3.405644031E+01	6.601834285E-02	2.082681843E-04	9.793877983E-01	
1.250000000E+03	3.655608611E+01	6.510347248E-02	2.064947212E-04	9.860913872E-01	
1.250000000E+03	3.903582463E+01	6.419588819E-02	2.047518481E-04	9.931705470E-01	
1.250000000E+03	4.149491087E+01	6.329586262E-02	2.030119691E-04	1.000645670E+00	
1.250000000E+03	4.393259010E+01	6.240367202E-02	2.012488974E-04	1.008538080E+00	
1.250000000E+03	4.634809928E+01	6.151959566E-02	1.994379082E-04	1.016870156E+00	
1.250000000E+03	4.874066848E+01	6.064391534E-02	1.975557883E-04	1.025665484E+00	
1.250000000E+03	5.110952208E+01	5.977691492E-02	1.955808829E-04	1.034949029E+00	
1.300000000E+03	4.725109427E+00	7.675360995E-02	2.401517670E-04	9.244006995E-01	
1.300000000E+03	7.402275665E+00	7.577376711E-02	2.357570457E-04	9.280850837E-01	
1.300000000E+03	1.006677908E+01	7.479855886E-02	2.317839859E-04	9.319575325E-01	
1.300000000E+03	1.271809025E+01	7.382817897E-02	2.281929938E-04	9.360323061E-01	
1.300000000E+03	1.535565379E+01	7.286283071E-02	2.249452722E-04	9.403240852E-01	
1.300000000E+03	1.797888939E+01	7.190272648E-02	2.220028655E-04	9.448479692E-01	
1.300000000E+03	2.058719295E+01	7.094808738E-02	2.193287072E-04	9.496194830E-01	
1.300000000E+03	2.317993784E+01	6.999914275E-02	2.168866711E-04	9.546545901E-01	
1.300000000E+03	2.575647627E+01	6.905612969E-02	2.146416249E-04	9.599697152E-01	
1.300000000E+03	2.831614082E+01	6.811929246E-02	2.125594860E-04	9.655817741E-01	
1.300000000E+03	3.085824587E+01	6.718888201E-02	2.106072790E-04	9.715082127E-01	
1.300000000E+03	3.338208928E+01	6.626515532E-02	2.087531938E-04	9.777670571E-01	
1.300000000E+03	3.588695396E+01	6.534837485E-02	2.069666442E-04	9.843769735E-01	
1.300000000E+03	3.837210951E+01	6.443880792E-02	2.052183259E-04	9.913573405E-01	
1.300000000E+03	4.083681381E+01	6.353672615E-02	2.034802740E-04	9.987283366E-01	
1.300000000E+03	4.328031458E+01	6.264240486E-02	2.017259181E-04	1.006511042E+00	
1.300000000E+03	4.570185089E+01	6.175612257E-02	1.999301358E-04	1.014727558E+00	
1.300000000E+03	4.810065452E+01	6.087816045E-02	1.980693036E-04	1.023401155E+00	
1.300000000E+03	5.047595126E+01	6.000880184E-02	1.961213439E-04	1.032556431E+00	
1.300000000E+03	5.282696201E+01	5.914833190E-02	1.940657690E-04	1.042219517E+00	
1.350000000E+03	6.645006482E+00	7.605092763E-02	2.369576709E-04	9.271104812E-01	
1.350000000E+03	9.313150315E+00	7.507438698E-02	2.328691936E-04	9.309305166E-01	
1.350000000E+03	1.196825457E+01	7.410261883E-02	2.291739230E-04	9.349488982E-01	
1.350000000E+03	1.460977114E+01	7.313582376E-02	2.258328321E-04	9.391801948E-01	
1.350000000E+03	1.723712667E+01	7.217421164E-02	2.228077221E-04	9.436393942E-01	
1.350000000E+03	1.984972364E+01	7.121800115E-02	2.200612696E-04	9.483419075E-01	
1.350000000E+03	2.244694170E+01	7.026741934E-02	2.175570765E-04	9.533035807E-01	
1.350000000E+03	2.502813892E+01	6.932270116E-02	2.152597233E-04	9.585407146E-01	
1.350000000E+03	2.759265326E+01	6.838408891E-02	2.131348243E-04	9.640700921E-01	
1.350000000E+03	3.013980411E+01	6.745183170E-02	2.111490845E-04	9.699090157E-01	
1.350000000E+03	3.266889385E+01	6.652618485E-02	2.092703576E-04	9.760753536E-01	
1.350000000E+03	3.517920946E+01	6.560740934E-02	2.074677048E-04	9.825875970E-01	
1.350000000E+03	3.767002415E+01	6.469577116E-02	2.057114527E-04	9.894649292E-01	
1.350000000E+03	4.014059895E+01	6.379154078E-02	2.039732512E-04	9.967273083E-01	
1.350000000E+03	4.259018431E+01	6.289499254E-02	2.022261293E-04	1.004395565E+00	
1.350000000E+03	4.501802160E+01	6.200640409E-02	2.004445490E-04	1.012491518E+00	
1.350000000E+03	4.742334454E+01	6.112605590E-02	1.986044571E-04	1.021038112E+00	
1.350000000E+03	4.980538049E+01	6.025423074E-02	1.966833335E-04	1.030059574E+00	
1.350000000E+03	5.216335163E+01	5.939121330E-02	1.946602357E-04	1.039581607E+00	
1.350000000E+03	5.449647594E+01	5.853728981E-02	1.925158403E-04	1.049631607E+00	
1.400000000E+03	8.521750771E+00	7.536403922E-02	2.340410878E-04	9.298648758E-01	
1.400000000E+03	1.118078531E+01	7.439083258E-02	2.302331023E-04	9.338251982E-01	
1.400000000E+03	1.382639768E+01	7.342253845E-02	2.267908073E-04	9.379941726E-01	
1.400000000E+03	1.645802194E+01	7.245936397E-02	2.236757534E-04	9.423866695E-01	
1.400000000E+03	1.907506763E+01	7.150152525E-02	2.208503518E-04	9.470179810E-01	
1.400000000E+03	2.167692103E+01	7.054924690E-02	2.182779243E-04	9.519038307E-01	
1.400000000E+03	2.426294648E+01	6.960276159E-02	2.159227548E-04	9.570603906E-01	
1.400000000E+03	2.683248776E+01	6.866230948E-02	2.137501445E-04	9.625043072E-01	
1.400000000E+03	2.938486962E+01	6.772813772E-02	2.117264685E-04	9.682527347E-01	
1.400000000E+03	3.191939931E+01	6.680049985E-02	2.098192330E-04	9.743233797E-01	
1.400000000E+03	3.443536824E+01	6.587965522E-02	2.079971344E-04	9.807345546E-01	
1.400000000E+03	3.693205353E+01	6.496586841E-02	2.062301172E-04	9.875052431E-01	
1.400000000E+03	3.940871966E+01	6.405940860E-02	2.044894323E-04	9.946551794E-01	
1.400000000E+03	4.186462006E+01	6.316054906E-02	2.027476930E-04	1.002204941E+00	
1.400000000E+03	4.429899866E+01	6.226956649E-02	2.009789303E-04	1.010176058E+00	
1.400000000E+03	4.671109129E+01	6.138674059E-02	1.991586445E-04	1.018591147E+00	
1.400000000E+03	4.910012708E+01	6.051235349E-02	1.972638552E-04	1.027474059E+00	
1.400000000E+03	5.146532965E+01	5.964668935E-02	1.952731468E-04	1.036850061E+00	
1.400000000E+03	5.380591812E+01	5.879003397E-02	1.931667106E-04	1.046746052E+00	
1.400000000E+03	5.612110797E+01	5.794267448E-02	1.909263834E-04	1.057190806E+00	
1.450000000E+03	1.035817073E+01	7.469190951E-02	2.313722607E-04	9.326673099E-01	
1.450000000E+03	1.300800193E+01	7.372207129E-02	2.278207901E-04	9.367725023E-01	
1.450000000E+03	1.564402307E+01	7.275728756E-02	2.246083859E-04	9.410966782E-01	
1.450000000E+03	1.826565116E+01	7.179777168E-02	2.216971878E-04	9.456550061E-01	
1.450000000E+03	2.087227956E+01	7.084374568E-02	2.190502297E-04	9.504630824E-01	
1.450000000E+03	2.346327927E+01	6.989543979E-02	2.166314918E-04	9.555369469E-01	
1.450000000E+03	2.603800027E+01	6.895309190E-02	2.144059540E-04	9.608931053E-01	
1.450000000E+03	2.859577306E+01	6.801694706E-02	2.123396524E-04	9.665485609E-01	
1.450000000E+03	3.113591013E+01	6.708725689E-02	2.103997365E-04	9.725208552E-01	
1.450000000E+03	3.365770763E+01	6.616427901E-02	2.085545275E-04	9.788281190E-01	
1.450000000E+03	3.616044693E+01	6.524827642E-02	2.067735771E-04	9.854891341E-01	
1.450000000E+03	3.864339626E+01	6.433951697E-02	2.050277251E-04	9.925234079E-01	
1.450000000E+03	4.110581231E+01	6.343827269E-02	2.032891566E-04	9.999512621E-01	
1.450000000E+03	4.354694179E+01	6.254481930E-02	2.015314577E-04	1.007793938E+00	
1.450000000E+03	4.596602289E+01	6.165943562E-02	1.997296679E-04	1.016073719E+00	
1.450000000E+03	4.836228669E+01	6.078240307E-02	1.978603309E-04	1.024814079E+00	
1.450000000E+03	5.073495838E+01	5.991400523E-02	1.959015413E-04	1.034039851E+00	
1.450000000E+03	5.308325844E+01	5.905452741E-02	1.938329884E-04	1.043777431E+00	
1.450000000E+03	5.540640331E+01	5.820425639E-02	1.916359952E-04	1.054055013E+00	
1.450000000E+03	5.770360627E+01	5.736348011E-02	1.892935540E-04	1.064902873E+00	
1.500000000E+03	1.215683090E+01	7.403359989E-02	2.289247236E-04	9.355210512E-01	
1.500000000E+03	1.479735822E+01	7.306716689E-02	2.256073891E-04	9.397756543E-01	
1.500000000E+03	1.742368272E+01	7.210593212E-02	2.226033479E-04	9.442596017E-01	
1.500000000E+03	2.003520525E+01	7.115011488E-02	2.198753409E-04	9.489883588E-01	
1.500000000E+03	2.263130383E+01	7.019994280E-02	2.173870378E-04	9.539778292E-01	
1.500000000E+03	2.521133507E+01	6.925565136E-02	2.151030909E-04	9.592443751E-01	
1.500000000E+03	2.777463556E+01	6.831748339E-02	2.129891903E-04	9.648048459E-01	
1.500000000E+03	3.032052342E+01	6.738568843E-02	2.110121208E-04	9.706766161E-01	
1.500000000E+03	3.284829988E+01	6.646052224E-02	2.091398203E-04	9.768776328E-01	
1.500000000E+03	3.535725089E+01	6.554224617E-02	2.073414380E-04	9.834264742E-01	
1.500000000E+03	3.784664873E+01	6.463112656E-02	2.055873931E-04	9.903424200E-01	
1.500000000E+03	4.031575364E+01	6.372743417E-02	2.038494317E-04	9.976455354E-01	
1.500000000E+03	4.276381536E+01	6.283144358E-02	2.021006831E-04	1.005356771E+00	
1.500000000E+03	4.519007467E+01	6.194343267E-02	2.003157134E-04	1.013498080E+00	
1.500000000E+03	4.759376481E+01	6.106368208E-02	1.984705772E-04	1.022092557E+00	
1.500000000E+03	4.997411272E+01	6.019247474E-02	1.965428650E-04	1.031164602E+00	
1.500000000E+03	5.233034026E+01	5.933009546E-02	1.945117485E-04	1.040740111E+00	
1.500000000E+03	5.466166513E+01	5.847683056E-02	1.923580210E-04	1.050846701E+00	
1.500000000E+03	5.696730161E+01	5.763296761E-02	1.900641340E-04	1.061513979E+00	
1.500000000E+03	5.924646107E+01	5.679879525E-02	1.876142297E-04	1.072773857E+00	
1.550000000E+03	1.392006539E+01	7.338825607E-02	2.266748426E-04	9.384292401E-01	
1.550000000E+03	1.655118235E+01	7.242526726E-02	2.235707099E-04	9.428377638E-01	
1.550000000E+03	1.916769934E+01	7.146762204E-02	2.207549115E-04	9.474860265E-01	
1.550000000E+03	2.176900185E+01	7.051554532E-02	2.181908024E-04	9.523897927E-01	
1.550000000E+03	2.435445344E+01	6.956927004E-02	2.158427017E-04	9.575652781E-01	
1.550000000E+03	2.692339722E+01	6.862903662E-02	2.136759480E-04	9.630291763E-01	
1.550000000E+03	2.947515727E+01	6.769509244E-02	2.116569551E-04	9.687986931E-01	
1.550000000E+03	3.200904026E+01	6.676769126E-02	2.097532708E-04	9.748915908E-01	
1.550000000E+03	3.452433706E+01	6.584709264E-02	2.079336346E-04	9.813262435E-01	
1.550000000E+03	3.702032431E+01	6.493356130E-02	2.061680365E-04	9.881217029E-01	
1.550000000E+03	3.949626608E+01	6.402736661E-02	2.044277748E-04	9.952977781E-01	
1.550000000E+03	4.195141544E+01	6.312878195E-02	2.026855122E-04	1.002875130E+00	
1.550000000E+03	4.438501599E+01	6.223808415E-02	2.009153310E-04	1.010875383E+00	
1.550000000E+03	4.679630332E+01	6.135555298E-02	1.990927846E-04	1.019321257E+00	
1.550000000E+03	4.918450634E+01	6.048147068E-02	1.971949474E-04	1.028236720E+00	
1.550000000E+03	5.154884847E+01	5.961612146E-02	1.952004600E-04	1.037647173E+00	
1.550000000E+03	5.388854873E+01	5.875979116E-02	1.930895717E-04	1.047579662E+00	
1.550000000E+03	5.620282244E+01	5.791276699E-02	1.908441783E-04	1.058063131E+00	
1.550000000E+03	5.849088191E+01	5.707533722E-02	1.884478561E-04	1.069128724E+00	
1.550000000E+03	6.075193667E+01	5.624779118E-02	1.858858908E-04	1.080810136E+00	
1.600000000E+03	1.565000616E+01	7.275509775E-02	2.246014326E-04	9.413949182E-01	
1.600000000E+03	1.827160082E+01	7.179559410E-02	2.216908775E-04	9.459618523E-01	
1.600000000E+03	2.087819438E+01	7.084158086E-02	2.190444793E-04	9.507789610E-01	
1.600000000E+03	2.346915778E+01	6.989328825E-02	2.166262204E-04	9.558623115E-01	
1.600000000E+03	2.604384098E+01	6.895095420E-02	2.144010832E-04	9.612284396E-01	
1.600000000E+03	2.860157441E+01	6.801482377E-02	2.123351061E-04	9.668943814E-01	
1.600000000E+03	3.114167055E+01	6.708514858E-02	2.103954412E-04	9.728777142E-01	
1.600000000E+03	3.366342549E+01	6.616218627E-02	2.085504126E-04	9.791966077E-01	
1.600000000E+03	3.616612059E+01	6.524619986E-02	2.067695747E-04	9.858698867E-01	
1.600000000E+03	3.864902404E+01	6.433745720E-02	2.050237703E-04	9.929171057E-01	
1.600000000E+03	4.111139250E+01	6.343623035E-02	2.032851878E-04	1.000358638E+00	
1.600000000E+03	4.355247267E+01	6.254279500E-02	2.015274163E-04	1.008215783E+00	
1.600000000E+03	4.597150272E+01	6.165743000E-02	1.997254988E-04	1.016510888E+00	
1.600000000E+03	4.836771370E+01	6.078041679E-02	1.978559825E-04	1.025267497E+00	
1.600000000E+03	5.074033082E+01	5.991203892E-02	1.958969656E-04	1.034510521E+00	
1.600000000E+03	5.308857452E+01	5.905258173E-02	1.938281409E-04	1.044266444E+00	
1.600000000E+03	5.541166124E+01	5.820233199E-02	1.916308353E-04	1.054563558E+00	
1.600000000E+03	5.770880425E+01	5.736157764E-02	1.892880450E-04	1.065432252E+00	
1.600000000E+03	5.997921413E+01	5.653060763E-02	1.867844660E-04	1.076905339E+00	
1.600000000E+03	6.222209855E+01	5.570971193E-02	1.841065213E-04	1.089018460E+00	
1.650000000E+03	1.734860734E+01	7.213340971E-02	2.226854347E-04	9.444210535E-01	
1.650000000E+03	1.996056267E+01	7.117743406E-02	2.199500259E-04	9.491508796E-01	
1.650000000E+03	2.255711221E+01	7.022709693E-02	2.174553491E-04	9.541413639E-01	
1.650000000E+03	2.513761313E+01	6.928263359E-02	2.151660274E-04	9.594088832E-01	
1.650000000E+03	2.770140258E+01	6.834428666E-02	2.130477205E-04	9.649703031E-01	
1.650000000E+03	3.024779919E+01	6.741230550E-02	2.110671810E-04	9.708430158E-01	
1.650000000E+03	3.277610465E+01	6.648694570E-02	2.091923129E-04	9.770449878E-01	
1.650000000E+03	3.528560533E+01	6.556846845E-02	2.073922299E-04	9.835948183E-01	
1.650000000E+03	3.777557387E+01	6.465713996E-02	2.056373139E-04	9.905118095E-01	
1.650000000E+03	4.024527083E+01	6.375323088E-02	2.038992722E-04	9.978160512E-01	
1.650000000E+03	4.269394624E+01	6.285701568E-02	2.021511939E-04	1.005528520E+00	
1.650000000E+03	4.512084112E+01	6.196877215E-02	2.003676030E-04	1.013671198E+00	
1.650000000E+03	4.752518889E+01	6.108878087E-02	1.985245107E-04	1.022267211E+00	
1.650000000E+03	4.990621667E+01	6.021732470E-02	1.965994630E-04	1.031340990E+00	
1.650000000E+03	5.226314645E+01	5.935468840E-02	1.945715856E-04	1.040918466E+00	
1.650000000E+03	5.459519603E+01	5.850115825E-02	1.924216248E-04	1.051027294E+00	
1.650000000E+03	5.690157978E+01	5.765702180E-02	1.901319841E-04	1.061697121E+00	
1.650000000E+03	5.918150915E+01	5.682256765E-02	1.876867568E-04	1.072959902E+00	
1.650000000E+03	6.143419279E+01	5.599808544E-02	1.850717541E-04	1.084850272E+00	
1.650000000E+03	6.365883654E+01	5.518386583E-02	1.822745287E-04	1.097405999E+00	
1.700000000E+03	1.901766577E+01	7.152253433E-02	2.209096441E-04	9.475105633E-01	
1.700000000E+03	2.161986009E+01	7.057013121E-02	2.183320400E-04	9.524077660E-01	
1.700000000E+03	2.420624067E+01	6.962351591E-02	2.159724688E-04	9.575761677E-01	
1.700000000E+03	2.677615172E+01	6.868292847E-02	2.137962089E-04	9.630324631E-01	
1.700000000E+03	2.932891839E+01	6.774861587E-02	2.117696107E-04	9.687938599E-01	
1.700000000E+03	3.186384832E+01	6.682083151E-02	2.098601553E-04	9.748781226E-01	
1.700000000E+03	3.438023323E+01	6.589983464E-02	2.080365120E-04	9.813036268E-01	
1.700000000E+03	3.687735053E+01	6.498588971E-02	2.062685974E-04	9.880894258E-01	
1.700000000E+03	3.935446498E+01	6.407926582E-02	2.045276329E-04	9.952553294E-01	
1.700000000E+03	4.181083024E+01	6.318023613E-02	2.027862014E-04	1.002821998E+00	
1.700000000E+03	4.424569041E+01	6.228907731E-02	2.010183020E-04	1.010811055E+00	
1.700000000E+03	4.665828150E+01	6.140606897E-02	1.991994024E-04	1.019245214E+00	
1.700000000E+03	4.904783276E+01	6.053149321E-02	1.973064880E-04	1.028148438E+00	
1.700000000E+03	5.141356794E+01	5.966563413E-02	1.953181083E-04	1.037546117E+00	
1.700000000E+03	5.375470624E+01	5.880877752E-02	1.932144190E-04	1.047465284E+00	
1.700000000E+03	5.607046319E+01	5.796121047E-02	1.909772204E-04	1.057934863E+00	
1.700000000E+03	5.836005127E+01	5.712322124E-02	1.885899911E-04	1.068985970E+00	
1.700000000E+03	6.062268015E+01	5.629509907E-02	1.860379181E-04	1.080652266E+00	
1.700000000E+03	6.285755666E+01	5.547713426E-02	1.833079217E-04	1.092970374E+00	
1.700000000E+03	6.506388461E+01	5.466961823E-02	1.803886770E-04	1.105980383E+00	
1.750000000E+03	2.065883923E+01	7.092186484E-02	2.192584785E-04	9.506663357E-01	
1.750000000E+03	2.325114637E+01	6.997308043E-02	2.168223358E-04	9.557354143E-01	
1.750000000E+03	2.582722893E+01	6.903023421E-02	2.145822297E-04	9.610862995E-01	
1.750000000E+03	2.838641894E+01	6.809357067E-02	2.125041072E-04	9.667360148E-01	
1.750000000E+03	3.092803032E+01	6.716334090E-02	2.105550242E-04	9.727021245E-01	
1.750000000E+03	3.345136051E+01	6.623980205E-02	2.087032037E-04	9.790027834E-01	
1.750000000E+03	3.595569201E+01	6.532321672E-02	2.069180940E-04	9.856567992E-01	
1.750000000E+03	3.844029408E+01	6.441385237E-02	2.051704269E-04	9.926837068E-01	
1.750000000E+03	4.090442431E+01	6.351198070E-02	2.034322752E-04	1.000103856E+00	
1.750000000E+03	4.334733015E+01	6.261787717E-02	2.016771077E-04	1.007938519E+00	
1.750000000E+03	4.576825045E+01	6.173182034E-02	1.998798427E-04	1.016210008E+00	
1.750000000E+03	4.816641681E+01	6.085409145E-02	1.980168986E-04	1.024941828E+00	
1.750000000E+03	5.054105489E+01	5.998497391E-02	1.960662409E-04	1.034158843E+00	
1.750000000E+03	5.289138544E+01	5.912475293E-02	1.940074265E-04	1.043887476E+00	
1.750000000E+03	5.521662533E+01	5.827371513E-02	1.918216428E-04	1.054155953E+00	
1.750000000E+03	5.751598802E+01	5.743214838E-02	1.894917439E-04	1.064994575E+00	
1.750000000E+03	5.978868427E+01	5.660034156E-02	1.870022814E-04	1.076436055E+00	
1.750000000E+03	6.203392198E+01	5.577858456E-02	1.843395316E-04	1.088515911E+00	
1.750000000E+03	6.425090604E+01	5.496716839E-02	1.814915182E-04	1.101272935E+00	
1.750000000E+03	6.643883761E+01	5.416638543E-02	1.784480312E-04	1.114749757E+00	
