660	5				
1.500000000E+02	-2.013456025E+01	7.495622827E-03	1.079743717E-05	5.972199301E-01	
1.500000000E+02	-1.595350366E+01	7.672548283E-03	1.094877515E-05	5.988979918E-01	
1.500000000E+02	-1.178626568E+01	7.874196801E-03	1.111951028E-05	6.009644052E-01	
1.500000000E+02	-7.633843865E+00	8.076512215E-03	1.128900766E-05	6.031749038E-01	
1.500000000E+02	-3.497035496E+00	8.279393375E-03	1.145723630E-05	6.055054965E-01	
1.500000000E+02	6.235320511E-01	8.482749615E-03	1.162417373E-05	6.079356611E-01	
1.500000000E+02	4.727375710E+00	8.686499573E-03	1.178980464E-05	6.104477802E-01	
1.500000000E+02	8.814134992E+00	8.890570152E-03	1.195411980E-05	6.130266825E-01	
1.500000000E+02	1.288355353E+01	9.094895622E-03	1.211711506E-05	6.156592673E-01	
1.500000000E+02	1.693546338E+01	9.299416827E-03	1.227879055E-05	6.183341944E-01	
1.500000000E+02	2.096977161E+01	9.504080487E-03	1.243915001E-05	6.210416281E-01	
1.500000000E+02	2.498644889E+01	9.708838582E-03	1.259820016E-05	6.237730225E-01	
1.500000000E+02	2.898551966E+01	9.913647813E-03	1.275595026E-05	6.265209427E-01	
1.500000000E+02	3.296705379E+01	1.011846911E-02	1.291241162E-05	6.292789128E-01	
1.500000000E+02	3.693115936E+01	1.032326724E-02	1.306759725E-05	6.320412889E-01	
1.500000000E+02	4.087797649E+01	1.052801038E-02	1.322152160E-05	6.348031495E-01	
1.500000000E+02	4.480767207E+01	1.073266979E-02	1.337420022E-05	6.375602031E-01	
1.500000000E+02	4.872043513E+01	1.093721955E-02	1.352564957E-05	6.403087088E-01	
1.500000000E+02	5.261647297E+01	1.114163625E-02	1.367588683E-05	6.430454078E-01	
1.500000000E+02	5.649600778E+01	1.134589875E-02	1.382492972E-05	6.457674644E-01	
2.000000000E+02	-1.250480124E+01	7.906113967E-03	1.114271355E-05	6.156122913E-01	
2.000000000E+02	-8.446293161E+00	8.078491061E-03	1.128733416E-05	6.165215978E-01	
2.000000000E+02	-4.395292700E+00	8.275978700E-03	1.145144872E-05	6.177776741E-01	
2.000000000E+02	-3.531936920E-01	8.474316650E-03	1.161464066E-05	6.192344914E-01	
2.000000000E+02	3.678835043E+00	8.673393012E-03	1.177685919E-05	6.208626916E-01	
2.000000000E+02	7.699818507E+00	8.873107034E-03	1.193806337E-05	6.226370471E-01	
2.000000000E+02	1.170894883E+01	9.073367890E-03	1.209822070E-05	6.245357934E-01	
2.000000000E+02	1.570556241E+01	9.274093614E-03	1.225730590E-05	6.265400872E-01	
2.000000000E+02	1.968912022E+01	9.475210160E-03	1.241529990E-05	6.286335622E-01	
2.000000000E+02	2.365919088E+01	9.676650582E-03	1.257218895E-05	6.308019634E-01	
2.000000000E+02	2.761543608E+01	9.878354302E-03	1.272796388E-05	6.330328432E-01	
2.000000000E+02	3.155759795E+01	1.008026646E-02	1.288261938E-05	6.353153087E-01	
2.000000000E+02	3.548548811E+01	1.028233738E-02	1.303615352E-05	6.376398084E-01	
2.000000000E+02	3.939897822E+01	1.048452198E-02	1.318856721E-05	6.399979533E-01	
2.000000000E+02	4.329799177E+01	1.068677941E-02	1.333986378E-05	6.423823655E-01	
2.000000000E+02	4.718249692E+01	1.088907259E-02	1.349004864E-05	6.447865480E-01	
2.000000000E+02	5.105250029E+01	1.109136788E-02	1.363912895E-05	6.472047751E-01	
2.000000000E+02	5.490804156E+01	1.129363472E-02	1.378711333E-05	6.496319970E-01	
2.000000000E+02	5.874918874E+01	1.149584538E-02	1.393401166E-05	6.520637584E-01	
2.000000000E+02	6.257603405E+01	1.169797468E-02	1.407983483E-05	6.544961281E-01	
2.500000000E+02	-6.221288196E+00	8.253900098E-03	1.143085381E-05	6.316024559E-01	
2.500000000E+02	-2.263628070E+00	8.422246126E-03	1.156990901E-05	6.318361533E-01	
2.500000000E+02	1.691547694E+00	8.616001975E-03	1.172851500E-05	6.323752090E-01	
2.500000000E+02	5.642548044E+00	8.810771494E-03	1.188645446E-05	6.331659880E-01	
2.500000000E+02	9.587923509E+00	9.006433368E-03	1.204366113E-05	6.341741702E-01	
2.500000000E+02	1.352643472E+01	9.202878008E-03	1.220007961E-05	6.353702050E-01	
2.500000000E+02	1.745702523E+01	9.400006300E-03	1.235566383E-05	6.367285361E-01	
2.500000000E+02	2.137879795E+01	9.597728494E-03	1.251037584E-05	6.382269780E-01	
2.500000000E+02	2.529099492E+01	9.795963251E-03	1.266418472E-05	6.398462042E-01	
2.500000000E+02	2.919297964E+01	9.994636778E-03	1.281706568E-05	6.415693261E-01	
2.500000000E+02	3.308422170E+01	1.019368207E-02	1.296899918E-05	6.433815444E-01	
2.500000000E+02	3.696428346E+01	1.039303827E-02	1.311997029E-05	6.452698577E-01	
2.500000000E+02	4.083280838E+01	1.059265002E-02	1.326996807E-05	6.472228181E-01	
2.500000000E+02	4.468951086E+01	1.079246697E-02	1.341898502E-05	6.492303262E-01	
2.500000000E+02	4.853416730E+01	1.099244328E-02	1.356701662E-05	6.512834559E-01	
2.500000000E+02	5.236660834E+01	1.119253721E-02	1.371406096E-05	6.533743063E-01	
2.500000000E+02	5.618671199E+01	1.139271075E-02	1.386011833E-05	6.554958748E-01	
2.500000000E+02	5.999439763E+01	1.159292924E-02	1.400519098E-05	6.576419480E-01	
2.500000000E+02	6.378962074E+01	1.179316109E-02	1.414928278E-05	6.598070080E-01	
2.500000000E+02	6.757236826E+01	1.199337750E-02	1.429239906E-05	6.619861510E-01	
3.000000000E+02	-8.316408982E-01	8.559725596E-03	1.168135356E-05	6.459911852E-01	
3.000000000E+02	3.039465924E+00	8.724398284E-03	1.181559477E-05	6.456100354E-01	
3.000000000E+02	6.912284303E+00	8.914720910E-03	1.196941748E-05	6.454929072E-01	
3.000000000E+02	1.078488624E+01	9.106206773E-03	1.212279210E-05	6.456751008E-01	
3.000000000E+02	1.465559744E+01	9.298725985E-03	1.227563956E-05	6.461175232E-01	
3.000000000E+02	1.852296569E+01	9.492160927E-03	1.242789239E-05	6.467864848E-01	
3.000000000E+02	2.238573343E+01	9.686404954E-03	1.257949323E-05	6.476528216E-01	
3.000000000E+02	2.624281392E+01	9.881361264E-03	1.273039355E-05	6.486911815E-01	
3.000000000E+02	3.009327056E+01	1.007694189E-02	1.288055250E-05	6.498794477E-01	
3.000000000E+02	3.393629875E+01	1.027306685E-02	1.302993599E-05	6.511982590E-01	
3.000000000E+02	3.777121010E+01	1.046966330E-02	1.317851578E-05	6.526306152E-01	
3.000000000E+02	4.159741855E+01	1.066666492E-02	1.332626882E-05	6.541615482E-01	
3.000000000E+02	4.541442822E+01	1.086401121E-02	1.347317653E-05	6.557778468E-01	
3.000000000E+02	4.922182276E+01	1.106164702E-02	1.361922429E-05	6.574678243E-01	
3.000000000E+02	5.301925590E+01	1.125952198E-02	1.376440092E-05	6.592211219E-01	
3.000000000E+02	5.680644322E+01	1.145759012E-02	1.390869825E-05	6.610285417E-01	
3.000000000E+02	6.058315483E+01	1.165580942E-02	1.405211076E-05	6.628819037E-01	
3.000000000E+02	6.434920890E+01	1.185414148E-02	1.419463520E-05	6.647739234E-01	
3.000000000E+02	6.810446601E+01	1.205255120E-02	1.433627035E-05	6.666981056E-01	
3.000000000E+02	7.184882405E+01	1.225100646E-02	1.447701672E-05	6.686486537E-01	
3.500000000E+02	3.915952236E+00	8.835251523E-03	1.190502708E-05	6.592360451E-01	
3.500000000E+02	7.710672832E+00	8.996512806E-03	1.203498331E-05	6.582819644E-01	
3.500000000E+02	1.151072718E+01	9.183621237E-03	1.218453308E-05	6.575505162E-01	
3.500000000E+02	1.531398984E+01	9.372032645E-03	1.233382739E-05	6.571639630E-01	
3.500000000E+02	1.911859865E+01	9.561609110E-03	1.248277605E-05	6.570784894E-01	
3.500000000E+02	2.292292294E+01	9.752225503E-03	1.263130114E-05	6.572563383E-01	
3.500000000E+02	2.672553607E+01	9.943768164E-03	1.277933549E-05	6.576648171E-01	
3.500000000E+02	3.052519135E+01	1.013613372E-02	1.292682136E-05	6.582754964E-01	
3.500000000E+02	3.432080100E+01	1.032922806E-02	1.307370926E-05	6.590635571E-01	
3.500000000E+02	3.811141776E+01	1.052296541E-02	1.321995700E-05	6.600072519E-01	
3.500000000E+02	4.189621875E+01	1.071726755E-02	1.336552877E-05	6.610874682E-01	
3.500000000E+02	4.567449119E+01	1.091206306E-02	1.351039439E-05	6.622873558E-01	
3.500000000E+02	4.944561994E+01	1.110728669E-02	1.365452861E-05	6.635920208E-01	
3.500000000E+02	5.320907639E+01	1.130287882E-02	1.379791058E-05	6.649882668E-01	
3.500000000E+02	5.696440872E+01	1.149878488E-02	1.394052325E-05	6.664643756E-01	
3.500000000E+02	6.071123325E+01	1.169495494E-02	1.408235298E-05	6.680099214E-01	
3.500000000E+02	6.444922677E+01	1.189134329E-02	1.422338908E-05	6.696156122E-01	
3.500000000E+02	6.817811976E+01	1.208790805E-02	1.436362352E-05	6.712731532E-01	
3.500000000E+02	7.189769035E+01	1.228461083E-02	1.450305053E-05	6.729751295E-01	
3.500000000E+02	7.560775896E+01	1.248141644E-02	1.464166639E-05	6.747149052E-01	
4.000000000E+02	8.177210253E+00	9.087749175E-03	1.210854302E-05	6.716272666E-01	
4.000000000E+02	1.190315521E+01	9.245798052E-03	1.223460593E-05	6.701299942E-01	
4.000000000E+02	1.563763755E+01	9.429858409E-03	1.238026021E-05	6.688137819E-01	
4.000000000E+02	1.937836165E+01	9.615354362E-03	1.252583312E-05	6.678869103E-01	
4.000000000E+02	2.312330312E+01	9.802140284E-03	1.267122450E-05	6.673008030E-01	
4.000000000E+02	2.687067710E+01	9.990083885E-03	1.281634707E-05	6.670136260E-01	
4.000000000E+02	3.061891049E+01	1.017906482E-02	1.296112485E-05	6.669891706E-01	
4.000000000E+02	3.436661774E+01	1.036897347E-02	1.310549187E-05	6.671959540E-01	
4.000000000E+02	3.811257962E+01	1.055970990E-02	1.324939091E-05	6.676064895E-01	
4.000000000E+02	4.185572456E+01	1.075118288E-02	1.339277251E-05	6.681966883E-01	
4.000000000E+02	4.559511220E+01	1.094330906E-02	1.353559407E-05	6.689453687E-01	
4.000000000E+02	4.932991884E+01	1.113601223E-02	1.367781901E-05	6.698338433E-01	
4.000000000E+02	5.305942472E+01	1.132922266E-02	1.381941612E-05	6.708455840E-01	
4.000000000E+02	5.678300257E+01	1.152287648E-02	1.396035891E-05	6.719659313E-01	
4.000000000E+02	6.050010761E+01	1.171691518E-02	1.410062508E-05	6.731818533E-01	
4.000000000E+02	6.421026856E+01	1.191128511E-02	1.424019605E-05	6.744817411E-01	
4.000000000E+02	6.791307971E+01	1.210593705E-02	1.437905650E-05	6.758552330E-01	
4.000000000E+02	7.160819385E+01	1.230082584E-02	1.451719404E-05	6.772930649E-01	
4.000000000E+02	7.529531597E+01	1.249591000E-02	1.465459883E-05	6.787869412E-01	
4.000000000E+02	7.897419764E+01	1.269115142E-02	1.479126332E-05	6.803294234E-01	
4.500000000E+02	1.205567616E+01	9.322089167E-03	1.229632543E-05	6.833628425E-01	
4.500000000E+02	1.571875313E+01	9.477080569E-03	1.241879540E-05	6.813436398E-01	
4.500000000E+02	1.939325474E+01	9.658221539E-03	1.256084323E-05	6.794636132E-01	
4.500000000E+02	2.307673455E+01	9.840925546E-03	1.270297006E-05	6.780168934E-01	
4.500000000E+02	2.676702449E+01	1.002503944E-02	1.284506651E-05	6.769500351E-01	
4.500000000E+02	3.046220300E+01	1.021042399E-02	1.298703671E-05	6.762170589E-01	
4.500000000E+02	3.416056709E+01	1.039695236E-02	1.312879663E-05	6.757782000E-01	
4.500000000E+02	3.786060796E+01	1.058450891E-02	1.327027271E-05	6.755989039E-01	
4.500000000E+02	4.156098954E+01	1.077298809E-02	1.341140067E-05	6.756490125E-01	
4.500000000E+02	4.526052958E+01	1.096229342E-02	1.355212439E-05	6.759021011E-01	
4.500000000E+02	4.895818301E+01	1.115233664E-02	1.369239503E-05	6.763349323E-01	
4.500000000E+02	5.265302717E+01	1.134303695E-02	1.383217018E-05	6.769270048E-01	
4.500000000E+02	5.634424873E+01	1.153432030E-02	1.397141314E-05	6.776601778E-01	
4.500000000E+02	6.003113207E+01	1.172611881E-02	1.411009228E-05	6.785183521E-01	
4.500000000E+02	6.371304904E+01	1.191837017E-02	1.424818047E-05	6.794872098E-01	
4.500000000E+02	6.738944968E+01	1.211101716E-02	1.438565459E-05	6.805539855E-01	
4.500000000E+02	7.105985408E+01	1.230400725E-02	1.452249509E-05	6.817072747E-01	
4.500000000E+02	7.472384504E+01	1.249729210E-02	1.465868557E-05	6.829368708E-01	
4.500000000E+02	7.838106158E+01	1.269082731E-02	1.479421244E-05	6.842336230E-01	
4.500000000E+02	8.203119303E+01	1.288457198E-02	1.492906463E-05	6.855893154E-01	
5.000000000E+02	1.562396721E+01	9.541710478E-03	1.247147138E-05	6.945853908E-01	
5.000000000E+02	1.922888713E+01	9.693766955E-03	1.259058474E-05	6.920592671E-01	
5.000000000E+02	2.284787370E+01	9.872089480E-03	1.272925303E-05	6.896300003E-01	
5.000000000E+02	2.647834365E+01	1.005209876E-02	1.286815031E-05	6.876780266E-01	
5.000000000E+02	3.011799882E+01	1.023363424E-02	1.300715856E-05	6.861448666E-01	
5.000000000E+02	3.376479395E+01	1.041654979E-02	1.314617381E-05	6.849802794E-01	
5.000000000E+02	3.741690857E+01	1.060071225E-02	1.328510449E-05	6.841408634E-01	
5.000000000E+02	4.107272237E+01	1.078600008E-02	1.342386998E-05	6.835889377E-01	
5.000000000E+02	4.473079354E+01	1.097230223E-02	1.356239935E-05	6.832916389E-01	
5.000000000E+02	4.838983961E+01	1.115951712E-02	1.370063032E-05	6.832201861E-01	
5.000000000E+02	5.204872063E+01	1.134755173E-02	1.383850823E-05	6.833492783E-01	
5.000000000E+02	5.570642410E+01	1.153632080E-02	1.397598521E-05	6.836565972E-01	
5.000000000E+02	5.936205177E+01	1.172574612E-02	1.411301946E-05	6.841223932E-01	
5.000000000E+02	6.301480772E+01	1.191575589E-02	1.424957456E-05	6.847291399E-01	
5.000000000E+02	6.666398790E+01	1.210628415E-02	1.438561890E-05	6.854612439E-01	
5.000000000E+02	7.030897066E+01	1.229727024E-02	1.452112512E-05	6.863047948E-01	
5.000000000E+02	7.394920841E+01	1.248865841E-02	1.465606972E-05	6.872473621E-01	
5.000000000E+02	7.758422004E+01	1.268039729E-02	1.479043257E-05	6.882778118E-01	
5.000000000E+02	8.121358423E+01	1.287243963E-02	1.492419661E-05	6.893861544E-01	
5.000000000E+02	8.483693340E+01	1.306474186E-02	1.505734746E-05	6.905634129E-01	
5.500000000E+02	1.893513563E+01	9.749141515E-03	1.263624039E-05	7.054021313E-01	
5.500000000E+02	2.248573338E+01	9.898360962E-03	1.275218663E-05	7.023792642E-01	
5.500000000E+02	2.605284599E+01	1.007394464E-02	1.288765676E-05	6.994103781E-01	
5.500000000E+02	2.963376366E+01	1.025133625E-02	1.302349797E-05	6.969632007E-01	
5.500000000E+02	3.322606820E+01	1.043036777E-02	1.315958395E-05	6.949740029E-01	
5.500000000E+02	3.682760043E+01	1.061088623E-02	1.329580301E-05	6.933881237E-01	
5.500000000E+02	4.043643183E+01	1.079275218E-02	1.343205637E-05	6.921584093E-01	
5.500000000E+02	4.405083960E+01	1.097583823E-02	1.356825671E-05	6.912439687E-01	
5.500000000E+02	4.766928474E+01	1.116002795E-02	1.370432683E-05	6.906091732E-01	
5.500000000E+02	5.129039271E+01	1.134521472E-02	1.384019857E-05	6.902228437E-01	
5.500000000E+02	5.491293630E+01	1.153130083E-02	1.397581177E-05	6.900575875E-01	
5.500000000E+02	5.853582048E+01	1.171819668E-02	1.411111343E-05	6.900892513E-01	
5.500000000E+02	6.215806879E+01	1.190581996E-02	1.424605692E-05	6.902964676E-01	
5.500000000E+02	6.577881141E+01	1.209409508E-02	1.438060131E-05	6.906602768E-01	
5.500000000E+02	6.939727436E+01	1.228295248E-02	1.451471072E-05	6.911638090E-01	
5.500000000E+02	7.301276990E+01	1.247232819E-02	1.464835386E-05	6.917920165E-01	
5.500000000E+02	7.662468798E+01	1.266216330E-02	1.478150345E-05	6.925314464E-01	
5.500000000E+02	8.023248843E+01	1.285240350E-02	1.491413588E-05	6.933700435E-01	
5.500000000E+02	8.383569419E+01	1.304299877E-02	1.504623078E-05	6.942969891E-01	
5.500000000E+02	8.743388499E+01	1.323390294E-02	1.517777069E-05	6.953025543E-01	
6.000000000E+02	2.202921468E+01	9.946301963E-03	1.279233596E-05	7.158965454E-01	
6.000000000E+02	2.552866237E+01	1.009276289E-02	1.290526909E-05	7.123832260E-01	
6.000000000E+02	2.904691796E+01	1.026567043E-02	1.303768795E-05	7.088803361E-01	
6.000000000E+02	3.258115263E+01	1.044050541E-02	1.317061393E-05	7.059443506E-01	
6.000000000E+02	3.612883565E+01	1.061709228E-02	1.330391265E-05	7.035060285E-01	
6.000000000E+02	3.968770136E+01	1.079527123E-02	1.343746496E-05	7.015060922E-01	
6.000000000E+02	4.325572036E+01	1.097489644E-02	1.357116511E-05	6.998934884E-01	
6.000000000E+02	4.683107432E+01	1.115583474E-02	1.370491932E-05	6.986240060E-01	
6.000000000E+02	5.041213377E+01	1.133796430E-02	1.383864436E-05	6.976591687E-01	
6.000000000E+02	5.399743848E+01	1.152117351E-02	1.397226643E-05	6.969653386E-01	
6.000000000E+02	5.758568009E+01	1.170536004E-02	1.410572012E-05	6.965129866E-01	
6.000000000E+02	6.117568671E+01	1.189042997E-02	1.423894751E-05	6.962760923E-01	
6.000000000E+02	6.476640919E+01	1.207629698E-02	1.437189737E-05	6.962316479E-01	
6.000000000E+02	6.835690888E+01	1.226288172E-02	1.450452444E-05	6.963592451E-01	
6.000000000E+02	7.194634671E+01	1.245011113E-02	1.463678881E-05	6.966407293E-01	
6.000000000E+02	7.553397337E+01	1.263791795E-02	1.476865538E-05	6.970599080E-01	
6.000000000E+02	7.911912056E+01	1.282624018E-02	1.490009334E-05	6.976023037E-01	
6.000000000E+02	8.270119310E+01	1.301502065E-02	1.503107571E-05	6.982549439E-01	
6.000000000E+02	8.627966188E+01	1.320420661E-02	1.516157900E-05	6.990061820E-01	
6.000000000E+02	8.985405740E+01	1.339374936E-02	1.529158280E-05	6.998455394E-01	
6.500000000E+02	2.493721847E+01	1.013468804E-02	1.294107720E-05	7.261355899E-01	
6.500000000E+02	2.838817324E+01	1.027845336E-02	1.305112369E-05	7.221348719E-01	
6.500000000E+02	3.186010357E+01	1.044873370E-02	1.318061124E-05	7.181002368E-01	
6.500000000E+02	3.535006703E+01	1.062106011E-02	1.331073738E-05	7.146787973E-01	
6.500000000E+02	3.885542590E+01	1.079524940E-02	1.344135978E-05	7.117954920E-01	
6.500000000E+02	4.237381356E+01	1.097113475E-02	1.357235193E-05	7.093861942E-01	
6.500000000E+02	4.590310532E+01	1.114856398E-02	1.370360131E-05	7.073957738E-01	
6.500000000E+02	4.944139272E+01	1.132739807E-02	1.383500780E-05	7.057765652E-01	
6.500000000E+02	5.298696106E+01	1.150750978E-02	1.396648234E-05	7.044871417E-01	
6.500000000E+02	5.653826947E+01	1.168878252E-02	1.409794566E-05	7.034913290E-01	
6.500000000E+02	6.009393328E+01	1.187110935E-02	1.422932726E-05	7.027574024E-01	
6.500000000E+02	6.365270840E+01	1.205439205E-02	1.436056446E-05	7.022574296E-01	
6.500000000E+02	6.721347735E+01	1.223854031E-02	1.449160160E-05	7.019667291E-01	
6.500000000E+02	7.077523683E+01	1.242347106E-02	1.462238925E-05	7.018634196E-01	
6.500000000E+02	7.433708657E+01	1.260910778E-02	1.475288362E-05	7.019280436E-01	
6.500000000E+02	7.789821942E+01	1.279537995E-02	1.488304594E-05	7.021432515E-01	
6.500000000E+02	8.145791233E+01	1.298222254E-02	1.501284199E-05	7.024935335E-01	
6.500000000E+02	8.501551836E+01	1.316957554E-02	1.514224159E-05	7.029649930E-01	
6.500000000E+02	8.857045941E+01	1.335738351E-02	1.527121821E-05	7.035451520E-01	
6.500000000E+02	9.212221975E+01	1.354559527E-02	1.539974863E-05	7.042227856E-01	
7.000000000E+02	2.768370327E+01	1.031549170E-02	1.308350860E-05	7.361743746E-01	
7.000000000E+02	3.108841314E+01	1.045661144E-02	1.319077297E-05	7.316865292E-01	
7.000000000E+02	3.451616436E+01	1.062430209E-02	1.331742773E-05	7.271195044E-01	
7.000000000E+02	3.796390464E+01	1.079415723E-02	1.344484912E-05	7.232133548E-01	
7.000000000E+02	4.142889326E+01	1.096598579E-02	1.357288690E-05	7.198868449E-01	
7.000000000E+02	4.490866688E+01	1.113961384E-02	1.370140727E-05	7.170707291E-01	
7.000000000E+02	4.840100965E+01	1.131488274E-02	1.383029101E-05	7.147055954E-01	
7.000000000E+02	5.190392722E+01	1.149164750E-02	1.395943179E-05	7.127401650E-01	
7.000000000E+02	5.541562376E+01	1.166977546E-02	1.408873479E-05	7.111299396E-01	
7.000000000E+02	5.893448178E+01	1.184914500E-02	1.421811541E-05	7.098361139E-01	
7.000000000E+02	6.245904419E+01	1.202964456E-02	1.434749817E-05	7.088246950E-01	
7.000000000E+02	6.598799841E+01	1.221117160E-02	1.447681576E-05	7.080657831E-01	
7.000000000E+02	6.952016221E+01	1.239363185E-02	1.460600818E-05	7.075329795E-01	
7.000000000E+02	7.305447100E+01	1.257693852E-02	1.473502197E-05	7.072028966E-01	
7.000000000E+02	7.658996660E+01	1.276101164E-02	1.486380955E-05	7.070547491E-01	
7.000000000E+02	8.012578702E+01	1.294577746E-02	1.499232864E-05	7.070700110E-01	
7.000000000E+02	8.366115738E+01	1.313116795E-02	1.512054166E-05	7.072321264E-01	
7.000000000E+02	8.719538167E+01	1.331712025E-02	1.524841535E-05	7.075262640E-01	
7.000000000E+02	9.072783541E+01	1.350357630E-02	1.537592026E-05	7.079391083E-01	
7.000000000E+02	9.425795897E+01	1.369048243E-02	1.550303041E-05	7.084586798E-01	
7.500000000E+02	3.028847180E+01	1.048968014E-02	1.322047298E-05	7.460593198E-01	
7.500000000E+02	3.364885337E+01	1.062819356E-02	1.332504192E-05	7.410821572E-01	
7.500000000E+02	3.703425921E+01	1.079332236E-02	1.344894488E-05	7.359795140E-01	
7.500000000E+02	4.044152956E+01	1.096073438E-02	1.357374008E-05	7.315870957E-01	
7.500000000E+02	4.386782353E+01	1.113023047E-02	1.369926929E-05	7.278170909E-01	
7.500000000E+02	4.731058400E+01	1.130162940E-02	1.382539144E-05	7.245948296E-01	
7.500000000E+02	5.076750720E+01	1.147476589E-02	1.395198062E-05	7.218563826E-01	
7.500000000E+02	5.423651605E+01	1.164948893E-02	1.407892434E-05	7.195466772E-01	
7.500000000E+02	5.771573684E+01	1.182566030E-02	1.420612208E-05	7.176180024E-01	
7.500000000E+02	6.120347863E+01	1.200315335E-02	1.433348396E-05	7.160288126E-01	
7.500000000E+02	6.469821500E+01	1.218185180E-02	1.446092962E-05	7.147427612E-01	
7.500000000E+02	6.819856791E+01	1.236164882E-02	1.458838718E-05	7.137279136E-01	
7.500000000E+02	7.170329325E+01	1.254244613E-02	1.471579240E-05	7.129561019E-01	
7.500000000E+02	7.521126798E+01	1.272415320E-02	1.484308788E-05	7.124023911E-01	
7.500000000E+02	7.872147860E+01	1.290668662E-02	1.497022232E-05	7.120446360E-01	
7.500000000E+02	8.223301086E+01	1.308996943E-02	1.509714998E-05	7.118631095E-01	
7.500000000E+02	8.574504041E+01	1.327393057E-02	1.522383007E-05	7.118401901E-01	
7.500000000E+02	8.925682449E+01	1.345850439E-02	1.535022627E-05	7.119600974E-01	
7.500000000E+02	9.276769437E+01	1.364363019E-02	1.547630630E-05	7.122086667E-01	
7.500000000E+02	9.627704856E+01	1.382925183E-02	1.560204152E-05	7.125731569E-01	
8.000000000E+02	3.276774691E+01	1.065805091E-02	1.335266157E-05	7.558303545E-01	
8.000000000E+02	3.608544412E+01	1.079398805E-02	1.345460704E-05	7.503594514E-01	
8.000000000E+02	3.943008107E+01	1.095657446E-02	1.357582471E-05	7.447156009E-01	
8.000000000E+02	4.279839197E+01	1.112156367E-02	1.369805855E-05	7.398332718E-01	
8.000000000E+02	4.618743754E+01	1.128874816E-02	1.382114229E-05	7.356176264E-01	
8.000000000E+02	4.959456903E+01	1.145793915E-02	1.394492750E-05	7.319882260E-01	
8.000000000E+02	5.301739699E+01	1.162896458E-02	1.406928156E-05	7.288763597E-01	
8.000000000E+02	5.645376406E+01	1.180166725E-02	1.419408581E-05	7.262229560E-01	
8.000000000E+02	5.990172113E+01	1.197590331E-02	1.431923406E-05	7.239769317E-01	
8.000000000E+02	6.335950628E+01	1.215154094E-02	1.444463118E-05	7.220938761E-01	
8.000000000E+02	6.682552625E+01	1.232845913E-02	1.457019195E-05	7.205349908E-01	
8.000000000E+02	7.029833996E+01	1.250654668E-02	1.469584000E-05	7.192662289E-01	
8.000000000E+02	7.377664378E+01	1.268570125E-02	1.482150689E-05	7.182575920E-01	
8.000000000E+02	7.725925848E+01	1.286582859E-02	1.494713131E-05	7.174825495E-01	
8.000000000E+02	8.074511747E+01	1.304684181E-02	1.507265834E-05	7.169175579E-01	
8.000000000E+02	8.423325630E+01	1.322866072E-02	1.519803882E-05	7.165416586E-01	
8.000000000E+02	8.772280319E+01	1.341121123E-02	1.532322880E-05	7.163361405E-01	
8.000000000E+02	9.121297051E+01	1.359442490E-02	1.544818898E-05	7.162842550E-01	
8.000000000E+02	9.470304709E+01	1.377823840E-02	1.557288430E-05	7.163709737E-01	
8.000000000E+02	9.819239130E+01	1.396259313E-02	1.569728350E-05	7.165827818E-01	
8.500000000E+02	3.513499902E+01	1.082127081E-02	1.348064941E-05	7.655224991E-01	
8.500000000E+02	3.841142773E+01	1.095465370E-02	1.358003098E-05	7.595513581E-01	
8.500000000E+02	4.171665735E+01	1.111470987E-02	1.369861760E-05	7.533585040E-01	
8.500000000E+02	4.504731641E+01	1.127728970E-02	1.381834338E-05	7.479806939E-01	
8.500000000E+02	4.840036822E+01	1.144217697E-02	1.393903381E-05	7.433155599E-01	
8.500000000E+02	5.177307371E+01	1.160917513E-02	1.406053303E-05	7.392765105E-01	
8.500000000E+02	5.516295936E+01	1.177810509E-02	1.418270160E-05	7.357897579E-01	
8.500000000E+02	5.856778927E+01	1.194880332E-02	1.430541470E-05	7.327920024E-01	
8.500000000E+02	6.198554079E+01	1.212112020E-02	1.442856040E-05	7.302286102E-01	
8.500000000E+02	6.541438296E+01	1.229491862E-02	1.455203835E-05	7.280521651E-01	
8.500000000E+02	6.885265762E+01	1.247007277E-02	1.467575848E-05	7.262213058E-01	
8.500000000E+02	7.229886257E+01	1.264646698E-02	1.479963992E-05	7.246997858E-01	
8.500000000E+02	7.575163659E+01	1.282399486E-02	1.492361008E-05	7.234557062E-01	
8.500000000E+02	7.920974611E+01	1.300255835E-02	1.504760378E-05	7.224608853E-01	
8.500000000E+02	8.267207326E+01	1.318206706E-02	1.517156249E-05	7.216903365E-01	
8.500000000E+02	8.613760513E+01	1.336243753E-02	1.529543370E-05	7.211218342E-01	
8.500000000E+02	8.960542417E+01	1.354359267E-02	1.541917032E-05	7.207355492E-01	
8.500000000E+02	9.307469948E+01	1.372546119E-02	1.554273011E-05	7.205137418E-01	
8.500000000E+02	9.654467899E+01	1.390797714E-02	1.566607528E-05	7.204405017E-01	
8.500000000E+02	1.000146823E+02	1.409107945E-02	1.578917198E-05	7.205015257E-01	
9.000000000E+02	3.740154685E+01	1.097990422E-02	1.360492086E-05	7.751670308E-01	
9.000000000E+02	4.063793027E+01	1.111074789E-02	1.370178759E-05	7.686871847E-01	
9.000000000E+02	4.390493220E+01	1.126827943E-02	1.381778694E-05	7.619354229E-01	
9.000000000E+02	4.719907534E+01	1.142845719E-02	1.393504806E-05	7.560547394E-01	
9.000000000E+02	5.051722583E+01	1.159105591E-02	1.405338802E-05	7.509346753E-01	
9.000000000E+02	5.385655497E+01	1.175587095E-02	1.417264336E-05	7.464820600E-01	
9.000000000E+02	5.721450614E+01	1.192271598E-02	1.429266775E-05	7.426177005E-01	
9.000000000E+02	6.058876612E+01	1.209142091E-02	1.441333008E-05	7.392738146E-01	
9.000000000E+02	6.397724004E+01	1.226183020E-02	1.453451267E-05	7.363920192E-01	
9.000000000E+02	6.737802935E+01	1.243380135E-02	1.465610990E-05	7.339217364E-01	
9.000000000E+02	7.078941251E+01	1.260720361E-02	1.477802682E-05	7.318189186E-01	
9.000000000E+02	7.420982770E+01	1.278191680E-02	1.490017809E-05	7.300450214E-01	
9.000000000E+02	7.763785765E+01	1.295783034E-02	1.502248695E-05	7.285661672E-01	
9.000000000E+02	8.107221595E+01	1.313484237E-02	1.514488436E-05	7.273524600E-01	
9.000000000E+02	8.451173493E+01	1.331285893E-02	1.526730823E-05	7.263774199E-01	
9.000000000E+02	8.795535467E+01	1.349179327E-02	1.538970268E-05	7.256175134E-01	
9.000000000E+02	9.140211324E+01	1.367156524E-02	1.551201753E-05	7.250517605E-01	
9.000000000E+02	9.485113780E+01	1.385210071E-02	1.563420763E-05	7.246614038E-01	
9.000000000E+02	9.830163666E+01	1.403333108E-02	1.575623247E-05	7.244296292E-01	
9.000000000E+02	1.017528920E+02	1.421519280E-02	1.587805567E-05	7.243413282E-01	
9.500000000E+02	3.957700040E+01	1.113443410E-02	1.372588856E-05	7.847923634E-01	
9.500000000E+02	4.277439636E+01	1.126274731E-02	1.382028039E-05	7.777934417E-01	
9.500000000E+02	4.600419449E+01	1.141775393E-02	1.393372713E-05	7.704708168E-01	
9.500000000E+02	4.926281062E+01	1.157553145E-02	1.404855843E-05	7.640781129E-01	
9.500000000E+02	5.254701339E+01	1.173584514E-02	1.416458269E-05	7.584961583E-01	
9.500000000E+02	5.585388456E+01	1.189848195E-02	1.428162865E-05	7.536247301E-01	
9.500000000E+02	5.918078488E+01	1.206324803E-02	1.439954294E-05	7.493788673E-01	
9.500000000E+02	6.252532453E+01	1.222996653E-02	1.451818804E-05	7.456860247E-01	
9.500000000E+02	6.588533732E+01	1.239847580E-02	1.463744048E-05	7.424838502E-01	
9.500000000E+02	6.925885816E+01	1.256862780E-02	1.475718928E-05	7.397184313E-01	
9.500000000E+02	7.264410321E+01	1.274028672E-02	1.487733458E-05	7.373428978E-01	
9.500000000E+02	7.603945225E+01	1.291332775E-02	1.499778654E-05	7.353162985E-01	
9.500000000E+02	7.944343313E+01	1.308763609E-02	1.511846422E-05	7.336026897E-01	
9.500000000E+02	8.285470784E+01	1.326310595E-02	1.523929472E-05	7.321703914E-01	
9.500000000E+02	8.627206008E+01	1.343963977E-02	1.536021236E-05	7.309913737E-01	
9.500000000E+02	8.969438411E+01	1.361714747E-02	1.548115796E-05	7.300407498E-01	
9.500000000E+02	9.312067475E+01	1.379554580E-02	1.560207820E-05	7.292963511E-01	
9.500000000E+02	9.655001837E+01	1.397475776E-02	1.572292507E-05	7.287383726E-01	
9.500000000E+02	9.998158472E+01	1.415471207E-02	1.584365533E-05	7.283490719E-01	
9.500000000E+02	1.034146196E+02	1.433534267E-02	1.596423011E-05	7.281125149E-01	
1.000000000E+03	4.166959495E+01	1.128527789E-02	1.384051531E-05	7.944247287E-01	
1.000000000E+03	4.482891836E+01	1.141106375E-02	1.393336874E-05	7.868944879E-01	
1.000000000E+03	4.802240180E+01	1.156353978E-02	1.404677731E-05	7.789870157E-01	
1.000000000E+03	5.124635264E+01	1.171891385E-02	1.415920611E-05	7.720714269E-01	
1.000000000E+03	5.449744115E+01	1.187694134E-02	1.427294235E-05	7.660191480E-01	
1.000000000E+03	5.777265919E+01	1.203740043E-02	1.438780673E-05	7.607223819E-01	
1.000000000E+03	6.106928488E+01	1.220008943E-02	1.450363869E-05	7.560899995E-01	
1.000000000E+03	6.438485207E+01	1.236482451E-02	1.462029417E-05	7.520443827E-01	
1.000000000E+03	6.771712380E+01	1.253143769E-02	1.473764374E-05	7.485189691E-01	
1.000000000E+03	7.106406912E+01	1.269977523E-02	1.485557102E-05	7.454563219E-01	
1.000000000E+03	7.442384266E+01	1.286969610E-02	1.497397120E-05	7.428065979E-01	
1.000000000E+03	7.779476668E+01	1.304107079E-02	1.509274985E-05	7.405263190E-01	
1.000000000E+03	8.117531509E+01	1.321378012E-02	1.521182185E-05	7.385773798E-01	
1.000000000E+03	8.456409918E+01	1.338771434E-02	1.533111042E-05	7.369262385E-01	
1.000000000E+03	8.795985500E+01	1.356277220E-02	1.545054626E-05	7.355432533E-01	
1.000000000E+03	9.136143196E+01	1.373886024E-02	1.557006687E-05	7.344021324E-01	
1.000000000E+03	9.476778258E+01	1.391589206E-02	1.568961583E-05	7.334794779E-01	
1.000000000E+03	9.817795334E+01	1.409378776E-02	1.580914223E-05	7.327544030E-01	
1.000000000E+03	1.015910763E+02	1.427247333E-02	1.592860015E-05	7.322082093E-01	
1.000000000E+03	1.050063617E+02	1.445188021E-02	1.604794820E-05	7.318241140E-01	
1.050000000E+03	4.368644575E+01	1.143279960E-02	1.395350618E-05	8.040887154E-01	
1.050000000E+03	4.680848650E+01	1.155605606E-02	1.404380123E-05	7.960130432E-01	
1.050000000E+03	4.996642652E+01	1.170599083E-02	1.415316237E-05	7.875047024E-01	
1.050000000E+03	5.315646269E+01	1.185895363E-02	1.426418636E-05	7.800536578E-01	
1.050000000E+03	5.637516550E+01	1.201468944E-02	1.437874824E-05	7.735211715E-01	
1.050000000E+03	5.961943609E+01	1.217296729E-02	1.449145295E-05	7.677912958E-01	
1.050000000E+03	6.288646956E+01	1.233357733E-02	1.460522476E-05	7.627662933E-01	
1.050000000E+03	6.617372337E+01	1.249632846E-02	1.471991292E-05	7.583631332E-01	
1.050000000E+03	6.947888997E+01	1.266104616E-02	1.483538194E-05	7.545107776E-01	
1.050000000E+03	7.279987289E+01	1.282757078E-02	1.495150989E-05	7.511480577E-01	
1.050000000E+03	7.613476577E+01	1.299575596E-02	1.506818694E-05	7.482219921E-01	
1.050000000E+03	7.948183395E+01	1.316546730E-02	1.518531403E-05	7.456864448E-01	
1.050000000E+03	8.283949802E+01	1.333658119E-02	1.530280179E-05	7.435010434E-01	
1.050000000E+03	8.620631936E+01	1.350898378E-02	1.542056951E-05	7.416302997E-01	
1.050000000E+03	8.958098710E+01	1.368257008E-02	1.553854429E-05	7.400428904E-01	
1.050000000E+03	9.296230652E+01	1.385724318E-02	1.565666026E-05	7.387110637E-01	
1.050000000E+03	9.634918864E+01	1.403291348E-02	1.577485789E-05	7.376101464E-01	
1.050000000E+03	9.974064078E+01	1.420949810E-02	1.589308337E-05	7.367181321E-01	
1.050000000E+03	1.031357581E+02	1.438692030E-02	1.601128809E-05	7.360153356E-01	
1.050000000E+03	1.065337161E+02	1.456510896E-02	1.612942814E-05	7.354841004E-01	
1.100000000E+03	4.563374713E+01	1.157731937E-02	1.406467690E-05	8.138077029E-01	
1.100000000E+03	4.871918476E+01	1.169803963E-02	1.415240945E-05	8.051705963E-01	
1.100000000E+03	5.184224877E+01	1.184541780E-02	1.425910359E-05	7.960432953E-01	
1.100000000E+03	5.499902291E+01	1.199595717E-02	1.436760516E-05	7.880425066E-01	
1.100000000E+03	5.818597611E+01	1.214939182E-02	1.447768447E-05	7.810184843E-01	
1.100000000E+03	6.139991758E+01	1.230548116E-02	1.458913696E-05	7.748464953E-01	
1.100000000E+03	6.463795863E+01	1.246400687E-02	1.470177999E-05	7.694217098E-01	
1.100000000E+03	6.789747996E+01	1.262477025E-02	1.481727510E-05	7.646553111E-01	
1.100000000E+03	7.117610327E+01	1.278759002E-02	1.493088140E-05	7.604714965E-01	
1.100000000E+03	7.447166667E+01	1.295230040E-02	1.504522801E-05	7.568051369E-01	
1.100000000E+03	7.778220308E+01	1.311874952E-02	1.516019992E-05	7.535999334E-01	
1.100000000E+03	8.110592124E+01	1.328679796E-02	1.527569340E-05	7.508069486E-01	
1.100000000E+03	8.444118893E+01	1.345631754E-02	1.539161474E-05	7.483834281E-01	
1.100000000E+03	8.778651810E+01	1.362719022E-02	1.550787929E-05	7.462918447E-01	
1.100000000E+03	9.114055153E+01	1.379930719E-02	1.562441046E-05	7.444991188E-01	
1.100000000E+03	9.450205097E+01	1.397256799E-02	1.574113901E-05	7.429759769E-01	
1.100000000E+03	9.786988652E+01	1.414687976E-02	1.585800227E-05	7.416964203E-01	
1.100000000E+03	1.012430269E+02	1.432215662E-02	1.597494353E-05	7.406372824E-01	
1.100000000E+03	1.046205312E+02	1.449831903E-02	1.609191147E-05	7.397778571E-01	
1.100000000E+03	1.080015404E+02	1.467529327E-02	1.620885964E-05	7.390995856E-01	
1.150000000E+03	4.751692681E+01	1.171912089E-02	1.417428192E-05	8.236042230E-01	
1.150000000E+03	5.056634260E+01	1.183729372E-02	1.425944118E-05	8.143877471E-01	
1.150000000E+03	5.365510553E+01	1.198209551E-02	1.436344853E-05	8.046212664E-01	
1.150000000E+03	5.677918320E+01	1.213019522E-02	1.446941218E-05	7.960546966E-01	
1.150000000E+03	5.993494072E+01	1.228131543E-02	1.457708977E-05	7.885263516E-01	
1.150000000E+03	6.311909379E+01	1.243520551E-02	1.468626563E-05	7.819020127E-01	
1.150000000E+03	6.632866888E+01	1.259163824E-02	1.479674729E-05	7.760692262E-01	
1.150000000E+03	6.956096918E+01	1.275040702E-02	1.490836261E-05	7.709329816E-01	
1.150000000E+03	7.281354529E+01	1.291132354E-02	1.502095724E-05	7.664123937E-01	
1.150000000E+03	7.608416973E+01	1.307421568E-02	1.513439261E-05	7.624381255E-01	
1.150000000E+03	7.937081468E+01	1.323892586E-02	1.525020158E-05	7.589503640E-01	
1.150000000E+03	8.267163248E+01	1.340530947E-02	1.536407598E-05	7.558972149E-01	
1.150000000E+03	8.598493836E+01	1.357323363E-02	1.547844551E-05	7.532334164E-01	
1.150000000E+03	8.930919515E+01	1.374257601E-02	1.559322146E-05	7.509193016E-01	
1.150000000E+03	9.264299968E+01	1.391322386E-02	1.570832356E-05	7.489199528E-01	
1.150000000E+03	9.598507062E+01	1.408507310E-02	1.582367912E-05	7.472045082E-01	
1.150000000E+03	9.933423759E+01	1.425802754E-02	1.593922233E-05	7.457455891E-01	
1.150000000E+03	1.026894313E+02	1.443199823E-02	1.605489351E-05	7.445188236E-01	
1.150000000E+03	1.060496749E+02	1.460690278E-02	1.617063863E-05	7.435024474E-01	
1.150000000E+03	1.094140757E+02	1.478266482E-02	1.628640870E-05	7.426769692E-01	
1.200000000E+03	4.934077081E+01	1.185845738E-02	1.428254991E-05	8.335002648E-01	
1.200000000E+03	5.235465800E+01	1.197406740E-02	1.436511888E-05	8.236844880E-01	
1.200000000E+03	5.540961189E+01	1.211626881E-02	1.446641292E-05	8.132564001E-01	
1.200000000E+03	5.850148056E+01	1.226190871E-02	1.456981696E-05	8.041062146E-01	
1.200000000E+03	6.162652273E+01	1.241069762E-02	1.467507518E-05	7.960592735E-01	
1.200000000E+03	6.478135866E+01	1.256237435E-02	1.478196016E-05	7.889711019E-01	
1.200000000E+03	6.796292857E+01	1.271670237E-02	1.489026910E-05	7.827210385E-01	
1.200000000E+03	7.116845720E+01	1.287346685E-02	1.499982068E-05	7.772074317E-01	
1.200000000E+03	7.439542340E+01	1.303247212E-02	1.511045241E-05	7.723439682E-01	
1.200000000E+03	7.764153369E+01	1.319353950E-02	1.522201840E-05	7.680568322E-01	
1.200000000E+03	8.090469934E+01	1.335650548E-02	1.533438742E-05	7.642824837E-01	
1.200000000E+03	8.418301626E+01	1.352122011E-02	1.544744125E-05	7.609659012E-01	
1.200000000E+03	8.747474717E+01	1.368754566E-02	1.556107329E-05	7.580591806E-01	
1.200000000E+03	9.077830599E+01	1.385535537E-02	1.567675640E-05	7.555204054E-01	
1.200000000E+03	9.409224386E+01	1.402453244E-02	1.579044131E-05	7.533127313E-01	
1.200000000E+03	9.741523664E+01	1.419496908E-02	1.590443580E-05	7.514036360E-01	
1.200000000E+03	1.007460738E+02	1.436656572E-02	1.601867084E-05	7.497643014E-01	
1.200000000E+03	1.040836484E+02	1.453923023E-02	1.613308381E-05	7.483691013E-01	
1.200000000E+03	1.074269481E+02	1.471287732E-02	1.624761789E-05	7.471951733E-01	
1.200000000E+03	1.107750469E+02	1.488742796E-02	1.636222156E-05	7.462220597E-01	
1.250000000E+03	5.110952208E+01	1.199555644E-02	1.438968812E-05	8.435175399E-01	
1.250000000E+03	5.408829393E+01	1.210858430E-02	1.446964388E-05	8.330804538E-01	
1.250000000E+03	5.710985588E+01	1.224815720E-02	1.456819165E-05	8.219660217E-01	
1.250000000E+03	6.016993251E+01	1.239131342E-02	1.466900846E-05	8.122125211E-01	
1.250000000E+03	6.326467321E+01	1.253775073E-02	1.477182422E-05	8.036311811E-01	
1.250000000E+03	6.639060058E+01	1.268719684E-02	1.487639906E-05	7.960664216E-01	
1.250000000E+03	6.954456690E+01	1.283940548E-02	1.498251927E-05	7.893887330E-01	
1.250000000E+03	7.272371726E+01	1.299415319E-02	1.508999387E-05	7.834893336E-01	
1.250000000E+03	7.592545784E+01	1.315123667E-02	1.519865182E-05	7.782761041E-01	
1.250000000E+03	7.914742860E+01	1.331047038E-02	1.530833960E-05	7.736704556E-01	
1.250000000E+03	8.238747952E+01	1.347168468E-02	1.541891910E-05	7.696048891E-01	
1.250000000E+03	8.564364982E+01	1.363472410E-02	1.553026596E-05	7.660210723E-01	
1.250000000E+03	8.891414970E+01	1.379944586E-02	1.564226795E-05	7.628683111E-01	
1.250000000E+03	9.219734418E+01	1.396571866E-02	1.575482375E-05	7.601023215E-01	
1.250000000E+03	9.549173878E+01	1.413342154E-02	1.586784171E-05	7.576842364E-01	
1.250000000E+03	9.879596675E+01	1.430244291E-02	1.598123892E-05	7.555797946E-01	
1.250000000E+03	1.021087776E+02	1.447267967E-02	1.609648326E-05	7.537586746E-01	
1.250000000E+03	1.054290270E+02	1.464403650E-02	1.620964778E-05	7.521939434E-01	
1.250000000E+03	1.087556674E+02	1.481642514E-02	1.632298063E-05	7.508615965E-01	
1.250000000E+03	1.120877398E+02	1.498976379E-02	1.643642767E-05	7.497401735E-01	
1.300000000E+03	5.282696206E+01	1.213062392E-02	1.449588584E-05	8.536777188E-01	
1.300000000E+03	5.577095915E+01	1.224104652E-02	1.457319993E-05	8.425951348E-01	
1.300000000E+03	5.875947795E+01	1.237795881E-02	1.466896219E-05	8.307671882E-01	
1.300000000E+03	6.178811534E+01	1.251860382E-02	1.476715845E-05	8.203887244E-01	
1.300000000E+03	6.485290806E+01	1.266266590E-02	1.486750344E-05	8.112555971E-01	
1.300000000E+03	6.795027850E+01	1.280986106E-02	1.496974408E-05	8.032001850E-01	
1.300000000E+03	7.107698908E+01	1.295993280E-02	1.507365510E-05	7.960834273E-01	
1.300000000E+03	7.423010376E+01	1.311264867E-02	1.517903537E-05	7.897888770E-01	
1.300000000E+03	7.740695497E+01	1.326779735E-02	1.528570485E-05	7.842181967E-01	
1.300000000E+03	8.060511531E+01	1.342518622E-02	1.539350200E-05	7.792877039E-01	
1.300000000E+03	8.382237291E+01	1.358463924E-02	1.550228157E-05	7.749256887E-01	
1.300000000E+03	8.705670996E+01	1.374599519E-02	1.561191273E-05	7.710703090E-01	
1.300000000E+03	9.030628386E+01	1.390910613E-02	1.572227747E-05	7.676679212E-01	
1.300000000E+03	9.356941064E+01	1.407383603E-02	1.583326918E-05	7.646717459E-01	
1.300000000E+03	9.684455021E+01	1.424005964E-02	1.594479144E-05	7.620407893E-01	
1.300000000E+03	1.001302932E+02	1.440766146E-02	1.605675698E-05	7.597389671E-01	
1.300000000E+03	1.034253494E+02	1.457653481E-02	1.616908671E-05	7.577343851E-01	
1.300000000E+03	1.067285372E+02	1.474658106E-02	1.628170893E-05	7.559987463E-01	
1.300000000E+03	1.100387739E+02	1.491770889E-02	1.639455858E-05	7.545068572E-01	
1.300000000E+03	1.133550677E+02	1.508983371E-02	1.650914233E-05	7.532362154E-01	
1.350000000E+03	5.449647594E+01	1.226384723E-02	1.460131738E-05	8.640026472E-01	
1.350000000E+03	5.740597194E+01	1.237163781E-02	1.467595590E-05	8.522480775E-01	
1.350000000E+03	6.036173375E+01	1.250585347E-02	1.476888730E-05	8.396768663E-01	
1.350000000E+03	6.335922588E+01	1.264395618E-02	1.486442416E-05	8.286497416E-01	
1.350000000E+03	6.639436879E+01	1.278561612E-02	1.496226500E-05	8.189457825E-01	
1.350000000E+03	6.946348182E+01	1.293053700E-02	1.506214272E-05	8.103842954E-01	
1.350000000E+03	7.256323536E+01	1.307845159E-02	1.516381983E-05	8.028158962E-01	
1.350000000E+03	7.569061052E+01	1.322911799E-02	1.526708447E-05	7.961158869E-01	
1.350000000E+03	7.884286473E+01	1.338231654E-02	1.537174712E-05	7.901792628E-01	
1.350000000E+03	8.201750222E+01	1.353784718E-02	1.547763783E-05	7.849168990E-01	
1.350000000E+03	8.521224854E+01	1.369552726E-02	1.558460386E-05	7.802526018E-01	
1.350000000E+03	8.842502833E+01	1.385518960E-02	1.569250765E-05	7.761208027E-01	
1.350000000E+03	9.165394587E+01	1.401668087E-02	1.580122513E-05	7.724647371E-01	
1.350000000E+03	9.489726793E+01	1.417986019E-02	1.591064423E-05	7.692349912E-01	
1.350000000E+03	9.815340868E+01	1.434459788E-02	1.602066356E-05	7.663883332E-01	
1.350000000E+03	1.014209161E+02	1.451077440E-02	1.613119132E-05	7.638867644E-01	
1.350000000E+03	1.046984603E+02	1.467827937E-02	1.624214431E-05	7.616967434E-01	
1.350000000E+03	1.079848222E+02	1.484701079E-02	1.635344703E-05	7.597885479E-01	
1.350000000E+03	1.112788845E+02	1.501687421E-02	1.646503098E-05	7.581357444E-01	
1.350000000E+03	1.145796223E+02	1.518778216E-02	1.657683392E-05	7.567147466E-01	
1.400000000E+03	5.612110797E+01	1.239539799E-02	1.470614439E-05	8.745145492E-01	
1.400000000E+03	5.899631466E+01	1.250052627E-02	1.477806827E-05	8.620590649E-01	
1.400000000E+03	6.191954777E+01	1.263200536E-02	1.486811742E-05	8.487120895E-01	
1.400000000E+03	6.488613433E+01	1.276753117E-02	1.496095055E-05	8.370104370E-01	
1.400000000E+03	6.789187459E+01	1.290675888E-02	1.505624890E-05	8.267148622E-01	
1.400000000E+03	7.093298175E+01	1.304937923E-02	1.515373046E-05	8.176304608E-01	
1.400000000E+03	7.400603171E+01	1.319511371E-02	1.525314477E-05	8.095966775E-01	
1.400000000E+03	7.710792084E+01	1.334371053E-02	1.535426864E-05	8.024799226E-01	
1.400000000E+03	8.023583004E+01	1.349494130E-02	1.545690257E-05	7.961680338E-01	
1.400000000E+03	8.338719407E+01	1.364859822E-02	1.556086776E-05	7.905660647E-01	
1.400000000E+03	8.655967501E+01	1.380449172E-02	1.566600360E-05	7.855930410E-01	
1.400000000E+03	8.975113929E+01	1.396244844E-02	1.577216551E-05	7.811794342E-01	
1.400000000E+03	9.295963754E+01	1.412230947E-02	1.587922308E-05	7.772651723E-01	
1.400000000E+03	9.618338696E+01	1.428392890E-02	1.598705855E-05	7.737980584E-01	
1.400000000E+03	9.942075573E+01	1.444717248E-02	1.609556536E-05	7.707325016E-01	
1.400000000E+03	1.026702491E+02	1.461191650E-02	1.620464704E-05	7.680284909E-01	
1.400000000E+03	1.059304971E+02	1.477804679E-02	1.631421610E-05	7.656507578E-01	
1.400000000E+03	1.092002437E+02	1.494545784E-02	1.642419315E-05	7.635680884E-01	
1.400000000E+03	1.124783365E+02	1.511405203E-02	1.653450611E-05	7.617527547E-01	
1.400000000E+03	1.157637180E+02	1.528373891E-02	1.664508944E-05	7.601800410E-01	
1.450000000E+03	5.770360632E+01	1.252543427E-02	1.481051798E-05	8.852362223E-01	
1.450000000E+03	6.054467791E+01	1.262786652E-02	1.487968303E-05	8.720482920E-01	
1.450000000E+03	6.343555671E+01	1.275656527E-02	1.496679254E-05	8.578901085E-01	
1.450000000E+03	6.637142695E+01	1.288947607E-02	1.505687220E-05	8.454857553E-01	
1.450000000E+03	6.934796439E+01	1.302623826E-02	1.514958482E-05	8.345759428E-01	
1.450000000E+03	7.236127270E+01	1.316652894E-02	1.524463250E-05	8.249503006E-01	
1.450000000E+03	7.540783062E+01	1.331005771E-02	1.534175107E-05	8.164361698E-01	
1.450000000E+03	7.848444766E+01	1.345656240E-02	1.544070530E-05	8.088903677E-01	
1.450000000E+03	8.158822653E+01	1.360580550E-02	1.554128516E-05	8.021930395E-01	
1.450000000E+03	8.471653120E+01	1.375757110E-02	1.564330256E-05	7.962430043E-01	
1.450000000E+03	8.786695924E+01	1.391166245E-02	1.574658862E-05	7.909541861E-01	
1.450000000E+03	9.103731807E+01	1.406789973E-02	1.585099137E-05	7.862528429E-01	
1.450000000E+03	9.422560409E+01	1.422611827E-02	1.595637382E-05	7.820753944E-01	
1.450000000E+03	9.742998445E+01	1.438616693E-02	1.606261224E-05	7.783666993E-01	
1.450000000E+03	1.006487809E+02	1.454790673E-02	1.616959472E-05	7.750786782E-01	
1.450000000E+03	1.038804559E+02	1.471120967E-02	1.627721990E-05	7.721692021E-01	
1.450000000E+03	1.071235993E+02	1.487595765E-02	1.638539587E-05	7.696011889E-01	
1.450000000E+03	1.103769177E+02	1.504204158E-02	1.649403921E-05	7.673418627E-01	
1.450000000E+03	1.136392237E+02	1.520936053E-02	1.660307411E-05	7.653621424E-01	
1.450000000E+03	1.169094272E+02	1.537782104E-02	1.671243166E-05	7.636361339E-01	
1.500000000E+03	5.924646113E+01	1.265410255E-02	1.491458041E-05	8.961912311E-01	
1.500000000E+03	6.205349760E+01	1.275380166E-02	1.498093743E-05	8.822365390E-01	
1.500000000E+03	6.491214603E+01	1.287967236E-02	1.506504387E-05	8.672285364E-01	
1.500000000E+03	6.781744201E+01	1.300992654E-02	1.515231491E-05	8.540908452E-01	
1.500000000E+03	7.076493221E+01	1.314418677E-02	1.524239367E-05	8.425422222E-01	
1.500000000E+03	7.375060714E+01	1.328211574E-02	1.533496537E-05	8.323554432E-01	
1.500000000E+03	7.677084546E+01	1.342341057E-02	1.542975118E-05	8.233447210E-01	
1.500000000E+03	7.982236751E+01	1.356779818E-02	1.552650321E-05	8.153565110E-01	
1.500000000E+03	8.290219597E+01	1.371503148E-02	1.562500029E-05	8.082626823E-01	
1.500000000E+03	8.600762251E+01	1.386488612E-02	1.572504450E-05	8.019553709E-01	
1.500000000E+03	8.913617906E+01	1.401715783E-02	1.582645828E-05	7.963430493E-01	
1.500000000E+03	9.228561310E+01	1.417166010E-02	1.592908194E-05	7.913474885E-01	
1.500000000E+03	9.545386604E+01	1.432822224E-02	1.603277155E-05	7.869013823E-01	
1.500000000E+03	9.863905443E+01	1.448668771E-02	1.613739720E-05	7.829464717E-01	
1.500000000E+03	1.018394533E+02	1.464691262E-02	1.624284135E-05	7.794320487E-01	
1.500000000E+03	1.050534816E+02	1.480876453E-02	1.634899759E-05	7.763137533E-01	
1.500000000E+03	1.082796891E+02	1.497212130E-02	1.645576941E-05	7.735525971E-01	
1.500000000E+03	1.115167447E+02	1.513687013E-02	1.656306917E-05	7.711141661E-01	
1.500000000E+03	1.147634260E+02	1.530290672E-02	1.667081727E-05	7.689679630E-01	
1.500000000E+03	1.180186101E+02	1.547013449E-02	1.677894126E-05	7.670868639E-01	
1.550000000E+03	6.075193670E+01	1.278153929E-02	1.501846659E-05	9.074041010E-01	
1.550000000E+03	6.352498699E+01	1.287846481E-02	1.508196142E-05	8.926453382E-01	
1.550000000E+03	6.635148138E+01	1.300145584E-02	1.516299526E-05	8.767454866E-01	
1.550000000E+03	6.922630070E+01	1.312900826E-02	1.524739709E-05	8.628411774E-01	
1.550000000E+03	7.214485764E+01	1.326072691E-02	1.533478898E-05	8.506270913E-01	
1.550000000E+03	7.510302561E+01	1.339625926E-02	1.542483813E-05	8.398576162E-01	
1.550000000E+03	7.809708009E+01	1.353528928E-02	1.551725020E-05	8.303327085E-01	
1.550000000E+03	8.112364970E+01	1.367753244E-02	1.561176381E-05	8.218876198E-01	
1.550000000E+03	8.417967509E+01	1.382273160E-02	1.570814601E-05	8.143853052E-01	
1.550000000E+03	8.726237399E+01	1.397065360E-02	1.580618856E-05	8.077107286E-01	
1.550000000E+03	9.036921139E+01	1.412108630E-02	1.590570473E-05	8.017665328E-01	
1.550000000E+03	9.349787375E+01	1.427383623E-02	1.600652671E-05	7.964697046E-01	
1.550000000E+03	9.664624671E+01	1.442872644E-02	1.610850336E-05	7.917489773E-01	
1.550000000E+03	9.981239550E+01	1.458559476E-02	1.621149822E-05	7.875427870E-01	
1.550000000E+03	1.029945479E+02	1.474429225E-02	1.631538794E-05	7.837976469E-01	
1.550000000E+03	1.061910790E+02	1.490468186E-02	1.642006081E-05	7.804668438E-01	
1.550000000E+03	1.094004981E+02	1.506663727E-02	1.652541554E-05	7.775093838E-01	
1.550000000E+03	1.126214361E+02	1.523004187E-02	1.663136015E-05	7.748891332E-01	
1.550000000E+03	1.158526356E+02	1.539478786E-02	1.673781104E-05	7.725741114E-01	
1.550000000E+03	1.190929407E+02	1.556077546E-02	1.684469217E-05	7.705359082E-01	
1.600000000E+03	6.222209855E+01	1.290787238E-02	1.512230538E-05	9.189005195E-01	
1.600000000E+03	6.496116293E+01	1.300198053E-02	1.518287892E-05	9.032971508E-01	
1.600000000E+03	6.775553445E+01	1.312203627E-02	1.526076443E-05	8.864597162E-01	
1.600000000E+03	7.059993259E+01	1.324683822E-02	1.534223094E-05	8.717526635E-01	
1.600000000E+03	7.348963085E+01	1.337597245E-02	1.542687799E-05	8.588442358E-01	
1.600000000E+03	7.642038139E+01	1.350907036E-02	1.551435359E-05	8.474687349E-01	
1.600000000E+03	7.938835311E+01	1.364580206E-02	1.560434688E-05	8.374106185E-01	
1.600000000E+03	8.239008023E+01	1.378587098E-02	1.569658218E-05	8.284930103E-01	
1.600000000E+03	8.542241915E+01	1.392900948E-02	1.579081409E-05	8.205692549E-01	
1.600000000E+03	8.848251193E+01	1.407497510E-02	1.588682343E-05	8.135166120E-01	
1.600000000E+03	9.156775513E+01	1.422354756E-02	1.598441384E-05	8.072314830E-01	
1.600000000E+03	9.467577306E+01	1.437452607E-02	1.608340898E-05	8.016257491E-01	
1.600000000E+03	9.780439459E+01	1.452772720E-02	1.618365008E-05	7.966239300E-01	
1.600000000E+03	1.009516329E+02	1.468298293E-02	1.628499392E-05	7.921609548E-01	
1.600000000E+03	1.041156679E+02	1.484013905E-02	1.638731101E-05	7.881803957E-01	
1.600000000E+03	1.072948304E+02	1.499905377E-02	1.649048415E-05	7.846330556E-01	
1.600000000E+03	1.104875886E+02	1.515959643E-02	1.659440705E-05	7.814758287E-01	
1.600000000E+03	1.136925355E+02	1.532164650E-02	1.669898321E-05	7.786707736E-01	
1.600000000E+03	1.169083780E+02	1.548509257E-02	1.680412492E-05	7.761843549E-01	
1.600000000E+03	1.201339272E+02	1.564983157E-02	1.690975237E-05	7.739868162E-01	
1.650000000E+03	6.365883658E+01	1.303322231E-02	1.522622073E-05	9.307075452E-01	
1.650000000E+03	6.636386896E+01	1.312446604E-02	1.528380895E-05	9.142155462E-01	
1.650000000E+03	6.912610561E+01	1.324152679E-02	1.535846404E-05	8.963907689E-01	
1.650000000E+03	7.194009786E+01	1.336352592E-02	1.543692348E-05	8.808417741E-01	
1.650000000E+03	7.480097449E+01	1.349002962E-02	1.551876272E-05	8.672077355E-01	
1.650000000E+03	7.770436197E+01	1.362065232E-02	1.560360926E-05	8.552009878E-01	
1.650000000E+03	8.064631908E+01	1.375504952E-02	1.569113467E-05	8.445891198E-01	
1.650000000E+03	8.362328271E+01	1.389291199E-02	1.578104809E-05	8.351821138E-01	
1.650000000E+03	8.663202264E+01	1.403396105E-02	1.587309092E-05	8.268229418E-01	
1.650000000E+03	8.966960332E+01	1.417794454E-02	1.596703243E-05	8.193805795E-01	
1.650000000E+03	9.273335134E+01	1.432463361E-02	1.606266611E-05	8.127447398E-01	
1.650000000E+03	9.582082757E+01	1.447381989E-02	1.615980663E-05	8.068218503E-01	
1.650000000E+03	9.892980305E+01	1.462531317E-02	1.625828725E-05	8.015319428E-01	
1.650000000E+03	1.020582381E+02	1.477893936E-02	1.635795759E-05	7.968062219E-01	
1.650000000E+03	1.052042639E+02	1.493453878E-02	1.645868181E-05	7.925851446E-01	
1.650000000E+03	1.083661666E+02	1.509196471E-02	1.656033692E-05	7.888168890E-01	
1.650000000E+03	1.115423727E+02	1.525108202E-02	1.666281146E-05	7.854561229E-01	
1.650000000E+03	1.147314369E+02	1.541176611E-02	1.676600421E-05	7.824630038E-01	
1.650000000E+03	1.179320303E+02	1.557390185E-02	1.686982318E-05	7.798023640E-01	
1.650000000E+03	1.211429306E+02	1.573738277E-02	1.697418466E-05	7.774430371E-01	
1.700000000E+03	6.506388462E+01	1.315770326E-02	1.533033266E-05	9.428538320E-01	
1.700000000E+03	6.773479403E+01	1.324603222E-02	1.538486656E-05	9.254253988E-01	
1.700000000E+03	7.046484233E+01	1.336003409E-02	1.545620263E-05	9.065591304E-01	
1.700000000E+03	7.324840538E+01	1.347917432E-02	1.553157749E-05	8.901256641E-01	
1.700000000E+03	7.608046145E+01	1.360299805E-02	1.561054080E-05	8.757321686E-01	
1.700000000E+03	7.895650663E+01	1.373110177E-02	1.569269817E-05	8.630669247E-01	
1.700000000E+03	8.187248573E+01	1.386312557E-02	1.577770247E-05	8.518791412E-01	
1.700000000E+03	8.482473525E+01	1.399874692E-02	1.586524670E-05	8.419645444E-01	
1.700000000E+03	8.780993584E+01	1.413767550E-02	1.595505827E-05	8.331549002E-01	
1.700000000E+03	9.082507224E+01	1.427964903E-02	1.604689424E-05	8.253102679E-01	
1.700000000E+03	9.386739938E+01	1.442442969E-02	1.614053738E-05	8.183131863E-01	
1.700000000E+03	9.693441328E+01	1.457180117E-02	1.623579291E-05	8.120642517E-01	
1.700000000E+03	1.000238260E+02	1.472156620E-02	1.633248569E-05	8.064787117E-01	
1.700000000E+03	1.031335440E+02	1.487354438E-02	1.643045787E-05	8.014838117E-01	
1.700000000E+03	1.062616492E+02	1.502757037E-02	1.652956690E-05	7.970167057E-01	
1.700000000E+03	1.094063820E+02	1.518349231E-02	1.662968380E-05	7.930227960E-01	
1.700000000E+03	1.125661271E+02	1.534117044E-02	1.673069166E-05	7.894544007E-01	
1.700000000E+03	1.157394001E+02	1.550047594E-02	1.683248438E-05	7.862696764E-01	
1.700000000E+03	1.189248361E+02	1.566128988E-02	1.693496551E-05	7.834317400E-01	
1.700000000E+03	1.221211791E+02	1.582350224E-02	1.703804726E-05	7.809079470E-01	
1.750000000E+03	6.643883767E+01	1.328142403E-02	1.543475823E-05	9.553698719E-01	
1.750000000E+03	6.907548982E+01	1.336678455E-02	1.548616381E-05	9.369530904E-01	
1.750000000E+03	7.177325615E+01	1.347765934E-02	1.555408550E-05	9.169863850E-01	
1.750000000E+03	7.452632944E+01	1.359388077E-02	1.562629232E-05	8.996222982E-01	
1.750000000E+03	7.732953130E+01	1.371497168E-02	1.570230630E-05	8.844327144E-01	
1.750000000E+03	8.017822249E+01	1.384050958E-02	1.578170970E-05	8.710795440E-01	
1.750000000E+03	8.306822985E+01	1.397011831E-02	1.586413542E-05	8.592919449E-01	
1.750000000E+03	8.599578619E+01	1.410346133E-02	1.594925934E-05	8.488501629E-01	
1.750000000E+03	8.895748034E+01	1.424023612E-02	1.603679401E-05	8.395738447E-01	
1.750000000E+03	9.195021513E+01	1.438016975E-02	1.612648359E-05	8.313134430E-01	
1.750000000E+03	9.497117197E+01	1.452301503E-02	1.621809954E-05	8.239437939E-01	
1.750000000E+03	9.801778054E+01	1.466854737E-02	1.631143708E-05	8.173592533E-01	
1.750000000E+03	1.010876927E+02	1.481656213E-02	1.640631224E-05	8.114699640E-01	
1.750000000E+03	1.041787599E+02	1.496687232E-02	1.650255935E-05	8.061989588E-01	
1.750000000E+03	1.072890139E+02	1.511930671E-02	1.660002883E-05	8.014798865E-01	
1.750000000E+03	1.104166489E+02	1.527370813E-02	1.669858541E-05	7.972552107E-01	
1.750000000E+03	1.135600070E+02	1.542993203E-02	1.679810652E-05	7.934747683E-01	
1.750000000E+03	1.167175642E+02	1.558784521E-02	1.689848093E-05	7.900946073E-01	
1.750000000E+03	1.198879191E+02	1.574732477E-02	1.699960756E-05	7.870760408E-01	
1.750000000E+03	1.230697818E+02	1.590825709E-02	1.710139440E-05	7.843848731E-01	
