93	10
10	-76.135	-32.0487059	184.3	0.000693	1.634	-0.1489	0.9492	-32.06	167.9
20	-65.195	-22.8020728	190.2	0.0007065	0.8576	-0.1032	0.9208	-22.82	173
30	-58.157	-16.6498081	193.9	0.0007155	0.5883	-0.07416	0.9054	-16.67	176.3
40	-52.839	-11.8910525	196.8	0.0007226	0.4502	-0.05233	0.8949	-11.92	178.8
50	-48.511	-7.9473496	199.1	0.0007286	0.3658	-0.03464	0.8871	-7.984	180.8
60	-44.835	-4.5460375	201.1	0.0007337	0.3087	-0.01965	0.8809	-4.59	182.5
70	-41.623	-1.5350548	202.8	0.0007383	0.2674	-0.006589	0.8759	-1.587	184.1
80	-38.76	1.1797923	204.3	0.0007425	0.2361	0.005033	0.8716	1.12	185.4
90	-36.169	3.6612322	205.7	0.0007464	0.2115	0.01553	0.8679	3.594	186.6
100	-33.798	5.9533188	206.9	0.00075	0.1917	0.02512	0.8647	5.878	187.7
110	-31.608	8.0882772	208	0.0007533	0.1753	0.03397	0.8618	8.005	188.7
120	-29.571	10.0904529	209.1	0.0007565	0.1616	0.04219	0.8592	10	189.7
130	-27.663	11.9787263	210.1	0.0007595	0.1499	0.04988	0.8569	11.88	190.6
140	-25.868	13.7680612	211	0.0007624	0.1399	0.05712	0.8548	13.66	191.4
150	-24.17	15.4705359	211.9	0.0007652	0.1311	0.06395	0.8528	15.36	192.2
200	-16.81	22.9750343	215.6	0.0007775	0.09998	0.0935	0.845	22.82	195.6
250	-10.766	29.2872235	218.6	0.0007882	0.08094	0.1177	0.8394	29.09	198.4
300	-5.594	34.7984173	221.2	0.0007978	0.06805	0.1383	0.8349	34.56	200.7
350	-1.046	39.7288505	223.4	0.0008066	0.05872	0.1565	0.8313	39.45	202.8
400	3.031	44.2159691	225.3	0.0008148	0.05165	0.1727	0.8283	43.89	204.6
450	6.738	48.3518887	227	0.0008225	0.04609	0.1874	0.8257	47.98	206.3
500	10.146	52.2016612	228.6	0.0008298	0.04161	0.2009	0.8235	51.79	207.8
550	13.306	55.8131076	230	0.0008369	0.03791	0.2135	0.8215	55.35	209.1
600	16.257	59.2225182	231.3	0.0008437	0.03481	0.2252	0.8198	58.72	210.4
650	19.029	62.4581539	232.5	0.0008502	0.03217	0.2361	0.8181	61.91	211.6
700	21.647	65.5425	233.6	0.0008566	0.02989	0.2465	0.8167	64.94	212.7
750	24.128	68.493773	234.7	0.0008629	0.0279	0.2563	0.8153	67.85	213.7
800	26.49	71.326961	235.6	0.000869	0.02615	0.2657	0.8141	70.63	214.7
850	28.744	74.0545625	236.6	0.000875	0.0246	0.2746	0.8129	73.31	215.6
900	30.903	76.6871225	237.4	0.0008809	0.02322	0.2831	0.8118	75.89	216.5
950	32.974	79.2336309	238.2	0.0008868	0.02197	0.2913	0.8107	78.39	217.3
1000	34.967	81.7018225	239	0.0008926	0.02085	0.2992	0.8097	80.81	218.1
1050	36.887	84.0984079	239.7	0.0008983	0.01983	0.3068	0.8088	83.15	218.9
1100	38.741	86.4292526	240.4	0.0009039	0.01889	0.3142	0.8078	85.43	219.6
1150	40.534	88.6995187	241	0.0009096	0.01804	0.3213	0.807	87.65	220.3
1200	42.27	90.9137777	241.7	0.0009152	0.01725	0.3282	0.8061	89.81	220.9
1250	43.954	93.0761011	242.2	0.0009207	0.01652	0.3349	0.8053	91.92	221.6
1300	45.59	95.1901349	242.8	0.0009263	0.01585	0.3414	0.8044	93.99	222.2
1350	47.179	97.2591598	243.3	0.0009319	0.01522	0.3477	0.8036	96	222.7
1400	48.726	99.2861419	243.8	0.0009374	0.01464	0.3539	0.8028	97.97	223.3
1450	50.233	101.2737746	244.3	0.0009429	0.01409	0.3599	0.8021	99.91	223.8
1500	51.702	103.2245138	244.7	0.0009485	0.01358	0.3658	0.8013	101.8	224.3
1550	53.136	105.1406076	245.1	0.000954	0.0131	0.3715	0.8005	103.7	224.8
1600	54.536	107.0241219	245.5	0.0009596	0.01265	0.3771	0.7998	105.5	225.3
1650	55.904	108.8769621	245.9	0.0009652	0.01223	0.3826	0.799	107.3	225.7
1700	57.242	110.7008915	246.2	0.0009708	0.01183	0.388	0.7983	109	226.1
1750	58.552	112.497548	246.6	0.0009764	0.01145	0.3933	0.7975	110.8	226.5
1800	59.834	114.2684581	246.9	0.0009821	0.01109	0.3985	0.7968	112.5	226.9
1850	61.09	116.015049	247.2	0.0009878	0.01074	0.4036	0.796	114.2	227.3
1900	62.321	117.73866	247.5	0.0009936	0.01042	0.4086	0.7953	115.8	227.7
1950	63.529	119.4405515	247.7	0.0009994	0.01011	0.4135	0.7945	117.5	228
2000	64.713	121.1219144	248	0.001005	0.009815	0.4183	0.7937	119.1	228.3
2050	65.876	122.7838772	248.2	0.001011	0.009533	0.4231	0.7929	120.7	228.6
2100	67.019	124.4275132	248.4	0.001017	0.009264	0.4278	0.7921	122.3	228.9
2150	68.141	126.0538469	248.6	0.001023	0.009006	0.4324	0.7913	123.9	229.2
2200	69.244	127.6638598	248.7	0.001029	0.008759	0.4369	0.7905	125.4	229.4
2250	70.328	129.2584954	248.9	0.001035	0.008522	0.4414	0.7897	126.9	229.7
2300	71.394	130.8386649	249	0.001042	0.008295	0.4459	0.7889	128.4	229.9
2350	72.444	132.4052509	249.1	0.001048	0.008076	0.4503	0.788	129.9	230.1
2400	73.476	133.959113	249.2	0.001054	0.007865	0.4546	0.7872	131.4	230.3
2450	74.493	135.501091	249.3	0.001061	0.007663	0.4589	0.7863	132.9	230.5
2500	75.494	137.0320099	249.4	0.001068	0.007467	0.4631	0.7854	134.4	230.7
2550	76.48	138.5526834	249.4	0.001074	0.007278	0.4674	0.7845	135.8	230.9
2600	77.451	140.0639184	249.5	0.001081	0.007096	0.4715	0.7835	137.3	231
2650	78.408	141.566519	249.5	0.001088	0.006919	0.4756	0.7826	138.7	231.1
2700	79.351	143.0612906	249.5	0.001095	0.006748	0.4797	0.7816	140.1	231.2
2750	80.282	144.5490448	249.4	0.001102	0.006583	0.4838	0.7806	141.5	231.3
2800	81.199	146.0306035	249.4	0.00111	0.006422	0.4878	0.7795	142.9	231.4
2850	82.103	147.5068045	249.3	0.001117	0.006266	0.4918	0.7785	144.3	231.5
2900	82.996	148.9785066	249.3	0.001125	0.006115	0.4958	0.7774	145.7	231.5
2950	83.876	150.4465957	249.2	0.001133	0.005968	0.4998	0.7763	147.1	231.5
3000	84.745	151.9119914	249	0.001141	0.005825	0.5037	0.7751	148.5	231.6
3050	85.603	153.375655	248.9	0.001149	0.005685	0.5076	0.7739	149.9	231.6
3100	86.449	154.8385972	248.7	0.001158	0.005549	0.5115	0.7727	151.2	231.5
3150	87.285	156.3018888	248.6	0.001167	0.005416	0.5154	0.7714	152.6	231.5
3200	88.11	157.7666718	248.4	0.001176	0.005287	0.5193	0.7701	154	231.4
3250	88.925	159.2341725	248.1	0.001185	0.00516	0.5232	0.7688	155.4	231.4
3300	89.73	160.7057182	247.9	0.001195	0.005036	0.5271	0.7673	156.8	231.2
3350	90.524	162.1827552	247.6	0.001205	0.004914	0.531	0.7659	158.1	231.1
3400	91.31	163.6668727	247.3	0.001215	0.004795	0.5349	0.7644	159.5	231
3450	92.085	165.1598304	246.9	0.001226	0.004678	0.5389	0.7628	160.9	230.8
3500	92.852	166.663593	246.6	0.001237	0.004562	0.5428	0.7611	162.3	230.6
3550	93.609	168.1803736	246.2	0.001249	0.004449	0.5468	0.7594	163.7	230.4
3600	94.357	169.712688	245.7	0.001261	0.004337	0.5508	0.7576	165.2	230.1
3650	95.097	171.2634251	245.2	0.001274	0.004226	0.5548	0.7557	166.6	229.8
3700	95.827	172.8359365	244.7	0.001287	0.004117	0.5589	0.7537	168.1	229.5
3750	96.55	174.4341578	244.2	0.001301	0.004008	0.5631	0.7516	169.6	229.1
3800	97.263	176.0627689	243.5	0.001316	0.0039	0.5673	0.7494	171.1	228.7
3850	97.969	177.7274166	242.8	0.001332	0.003792	0.5716	0.7471	172.6	228.2
3900	98.666	179.435027	242.1	0.001349	0.003685	0.576	0.7445	174.2	227.7
3950	99.355	181.1942584	241.3	0.001368	0.003577	0.5806	0.7418	175.8	227.1
4000	100.036	183.0161809	240.4	0.001388	0.003468	0.5853	0.7389	177.5	226.5
4050	100.709	184.915337	239.3	0.00141	0.003357	0.5902	0.7357	179.2	225.7
