84	10									
10	-6.689433107E+01	1.149773649E+02	3.569571708E+02	6.696740781E-04	1.665915008E+00	6.446438652E-01	1.817630047E+00	1.149706681E+02	3.402980207E+02	
20	-5.643307706E+01	1.277403835E+02	3.635562131E+02	6.828876741E-04	8.703432637E-01	7.049680526E-01	1.792979386E+00	1.277267257E+02	3.461493479E+02	
30	-4.969983231E+01	1.360397261E+02	3.678280211E+02	6.918065975E-04	5.954271676E-01	7.426489609E-01	1.779882783E+00	1.360189719E+02	3.499652061E+02	
40	-4.461024734E+01	1.423612562E+02	3.710615010E+02	6.987885188E-04	4.548329674E-01	7.705918217E-01	1.771228843E+00	1.423333047E+02	3.528681823E+02	
50	-4.046759526E+01	1.475391302E+02	3.736919727E+02	7.046369697E-04	3.690485787E-01	7.930157421E-01	1.764896735E+00	1.475038983E+02	3.552395438E+02	
60	-3.694755893E+01	1.519627849E+02	3.759235717E+02	7.097311523E-04	3.110827007E-01	8.118558545E-01	1.759976448E+00	1.519202010E+02	3.572586096E+02	
70	-3.387109425E+01	1.558477426E+02	3.778696465E+02	7.142827099E-04	2.692072203E-01	8.281684518E-01	1.755997479E+00	1.557977428E+02	3.590251411E+02	
80	-3.112824254E+01	1.593266457E+02	3.796001392E+02	7.184228209E-04	2.374919336E-01	8.425962737E-01	1.752686541E+00	1.592691719E+02	3.606007845E+02	
90	-2.864632746E+01	1.624873279E+02	3.811614617E+02	7.222388793E-04	2.126107972E-01	8.555608116E-01	1.749871624E+00	1.624223264E+02	3.620264899E+02	
100	-2.637465045E+01	1.653911649E+02	3.825861016E+02	7.257922818E-04	1.925515466E-01	8.673540917E-01	1.747437881E+00	1.653185856E+02	3.633309470E+02	
110	-2.427635030E+01	1.680828500E+02	3.838977499E+02	7.291279527E-04	1.760241607E-01	8.781871527E-01	1.745305074E+00	1.680026459E+02	3.645350923E+02	
120	-2.232373434E+01	1.705960075E+02	3.851142516E+02	7.322798371E-04	1.621628855E-01	8.882176792E-01	1.743415093E+00	1.705081340E+02	3.656547053E+02	
130	-2.049543482E+01	1.729566165E+02	3.862494078E+02	7.352742674E-04	1.503646936E-01	8.975667392E-01	1.741724602E+00	1.728610308E+02	3.667019977E+02	
140	-1.877459773E+01	1.751851932E+02	3.873141273E+02	7.381321157E-04	1.401964407E-01	9.063293929E-01	1.740200489E+00	1.750818547E+02	3.676866256E+02	
150	-1.714767921E+01	1.772982436E+02	3.883171923E+02	7.408702321E-04	1.313388366E-01	9.145817101E-01	1.738816934E+00	1.771871131E+02	3.686163668E+02	
200	-1.009342679E+01	1.865316359E+02	3.926212913E+02	7.531765217E-04	9.995111118E-02	9.500205311E-01	1.733411340E+00	1.863810006E+02	3.726310691E+02	
250	-4.302163222E+00	1.942033138E+02	3.960908148E+02	7.638561374E-04	8.076206304E-02	9.787278620E-01	1.729611830E+00	1.940123497E+02	3.759002990E+02	
300	6.527232820E-01	2.008371147E+02	3.990051882E+02	7.734556210E-04	6.777646706E-02	1.003038792E+00	1.726749458E+00	2.006050780E+02	3.786722481E+02	
350	5.008144556E+00	2.067250190E+02	4.015201568E+02	7.822828735E-04	5.838480251E-02	1.024234686E+00	1.724487612E+00	2.064512200E+02	3.810854759E+02	
400	8.910320870E+00	2.120478042E+02	4.037320727E+02	7.905303234E-04	5.126558618E-02	1.043098696E+00	1.722635447E+00	2.117315921E+02	3.832258382E+02	
450	1.245631559E+01	2.169258088E+02	4.057049880E+02	7.983271882E-04	4.567664140E-02	1.060146394E+00	1.721075465E+00	2.165665616E+02	3.851504994E+02	
500	1.571410103E+01	2.214435190E+02	4.074837897E+02	8.057649674E-04	4.116841009E-02	1.075736234E+00	1.719730797E+00	2.210406365E+02	3.868995847E+02	
550	1.873326920E+01	2.256627208E+02	4.091012309E+02	8.129111622E-04	3.745238176E-02	1.090128081E+00	1.718548744E+00	2.252156197E+02	3.885024210E+02	
600	2.155119799E+01	2.296300876E+02	4.105819871E+02	8.198172347E-04	3.433474385E-02	1.103516687E+00	1.717491805E+00	2.291381973E+02	3.899811408E+02	
650	2.419680980E+01	2.333818122E+02	4.119451341E+02	8.265234873E-04	3.168038680E-02	1.116051979E+00	1.716532465E+00	2.328445720E+02	3.913528827E+02	
700	2.669298169E+01	2.369465836E+02	4.132057386E+02	8.330622172E-04	2.939218643E-02	1.127851999E+00	1.715650012E+00	2.363634400E+02	3.926312081E+02	
750	2.905814409E+01	2.403475629E+02	4.143759148E+02	8.394598163E-04	2.739849882E-02	1.139011446E+00	1.714828510E+00	2.397179681E+02	3.938270407E+02	
800	3.130738129E+01	2.436037472E+02	4.154655530E+02	8.457382273E-04	2.564529656E-02	1.149607534E+00	1.714055461E+00	2.429271566E+02	3.949493157E+02	
850	3.345320563E+01	2.467309282E+02	4.164828318E+02	8.519159698E-04	2.409105498E-02	1.159704090E+00	1.713320899E+00	2.460067996E+02	3.960054350E+02	
900	3.550612399E+01	2.497423972E+02	4.174345932E+02	8.580089043E-04	2.270332078E-02	1.169354546E+00	1.712616752E+00	2.489701891E+02	3.970016045E+02	
950	3.747505000E+01	2.526494567E+02	4.183266163E+02	8.640307832E-04	2.145635767E-02	1.178604104E+00	1.711936395E+00	2.518286274E+02	3.979430765E+02	
1000	3.936760952E+01	2.554617993E+02	4.191638206E+02	8.699936519E-04	2.032949304E-02	1.187491344E+00	1.711274320E+00	2.545918056E+02	3.988343275E+02	
1050	4.119039591E+01	2.581878294E+02	4.199504323E+02	8.759082261E-04	1.930591902E-02	1.196049546E+00	1.710625890E+00	2.572681258E+02	3.996792173E+02	
1100	4.294913782E+01	2.608348691E+02	4.206900989E+02	8.817840927E-04	1.837183498E-02	1.204307578E+00	1.709987159E+00	2.598649066E+02	4.004810805E+02	
1150	4.464885317E+01	2.634093519E+02	4.213859896E+02	8.876299380E-04	1.751579816E-02	1.212290685E+00	1.709354733E+00	2.623885775E+02	4.012428217E+02	
1200	4.629396280E+01	2.659169651E+02	4.220408703E+02	8.934537038E-04	1.672823994E-02	1.220021084E+00	1.708725658E+00	2.648448207E+02	4.019669823E+02	
1250	4.788838327E+01	2.683627655E+02	4.226571655E+02	8.992627197E-04	1.600109609E-02	1.227518440E+00	1.708097343E+00	2.672386871E+02	4.026557954E+02	
1300	4.943560200E+01	2.707512739E+02	4.232370078E+02	9.050638109E-04	1.532752142E-02	1.234800259E+00	1.707467483E+00	2.695746909E+02	4.033112300E+02	
1350	5.093873882E+01	2.730865525E+02	4.237822783E+02	9.108633892E-04	1.470166704E-02	1.241882198E+00	1.706834015E+00	2.718568869E+02	4.039350278E+02	
1400	5.240059805E+01	2.753722706E+02	4.242946402E+02	9.166675346E-04	1.411850441E-02	1.248778337E+00	1.706195068E+00	2.740889360E+02	4.045287340E+02	
1450	5.382370707E+01	2.776117523E+02	4.247755654E+02	9.224820467E-04	1.357368711E-02	1.255501376E+00	1.705548934E+00	2.762741533E+02	4.050937191E+02	
1500	5.521035590E+01	2.798080278E+02	4.252263589E+02	9.283125183E-04	1.306343715E-02	1.262062839E+00	1.704894030E+00	2.784155590E+02	4.056312032E+02	
1550	5.656262457E+01	2.819638673E+02	4.256481770E+02	9.341643762E-04	1.258445534E-02	1.268473211E+00	1.704228883E+00	2.805159125E+02	4.061422712E+02	
1600	5.788240889E+01	2.840818140E+02	4.260420435E+02	9.400429284E-04	1.213384723E-02	1.274742075E+00	1.703552103E+00	2.825777453E+02	4.066278880E+02	
1650	5.917144188E+01	2.861642115E+02	4.264088639E+02	9.459534044E-04	1.170906261E-02	1.280878216E+00	1.702862368E+00	2.846033883E+02	4.070889105E+02	
1700	6.043131218E+01	2.882132273E+02	4.267494359E+02	9.519009927E-04	1.130784553E-02	1.286889721E+00	1.702158408E+00	2.865949956E+02	4.075260984E+02	
1750	6.166347992E+01	2.902308734E+02	4.270644598E+02	9.578908765E-04	1.092819273E-02	1.292784054E+00	1.701438994E+00	2.885545643E+02	4.079401225E+02	
1800	6.286929035E+01	2.922190241E+02	4.273545465E+02	9.639282669E-04	1.056831897E-02	1.298568134E+00	1.700702922E+00	2.904839532E+02	4.083315724E+02	
1850	6.404998640E+01	2.941794326E+02	4.276202243E+02	9.700184393E-04	1.022662774E-02	1.304248394E+00	1.699949007E+00	2.923848985E+02	4.087009630E+02	
1900	6.520671651E+01	2.961137404E+02	4.278619443E+02	9.761667522E-04	9.901687347E-03	1.309830824E+00	1.699176068E+00	2.942590236E+02	4.090487384E+02	
1950	6.634054575E+01	2.980234934E+02	4.280800856E+02	9.823786904E-04	9.592209429E-03	1.315321031E+00	1.698382928E+00	2.961078549E+02	4.093752772E+02	
2000	6.745246750E+01	2.999101585E+02	4.282749596E+02	9.886599192E-04	9.297030232E-03	1.320724294E+00	1.697568391E+00	2.979328387E+02	4.096808991E+02	
2050	6.854340247E+01	3.017751206E+02	4.284468121E+02	9.950162756E-04	9.015097544E-03	1.326045570E+00	1.696731248E+00	2.997353372E+02	4.099658621E+02	
2100	6.961421030E+01	3.036197000E+02	4.285958262E+02	1.001453833E-03	8.745456138E-03	1.331289546E+00	1.695870261E+00	3.015166470E+02	4.102303683E+02	
2150	7.066569377E+01	3.054451590E+02	4.287221240E+02	1.007978935E-03	8.487236833E-03	1.336460671E+00	1.694984156E+00	3.032780042E+02	4.104745648E+02	
2200	7.169860369E+01	3.072527090E+02	4.288257678E+02	1.014598237E-03	8.239646705E-03	1.341563178E+00	1.694071616E+00	3.050205928E+02	4.106985451E+02	
2250	7.271364326E+01	3.090435179E+02	4.289067603E+02	1.021318750E-03	8.001960579E-03	1.346601116E+00	1.693131269E+00	3.067455507E+02	4.109023490E+02	
2300	7.371147198E+01	3.108187170E+02	4.289650446E+02	1.028147893E-03	7.773513592E-03	1.351578368E+00	1.692161684E+00	3.084539768E+02	4.110859633E+02	
2350	7.469270912E+01	3.125794068E+02	4.290005032E+02	1.035093549E-03	7.553694680E-03	1.356498676E+00	1.691161354E+00	3.101469369E+02	4.112493207E+02	
2400	7.565793684E+01	3.143266641E+02	4.290129569E+02	1.042164129E-03	7.341940839E-03	1.361365666E+00	1.690128690E+00	3.118254702E+02	4.113922989E+02	
2450	7.660770305E+01	3.160615477E+02	4.290021625E+02	1.049368640E-03	7.137732055E-03	1.366182863E+00	1.689062010E+00	3.134905945E+02	4.115147189E+02	
2500	7.754252388E+01	3.177851050E+02	4.289678096E+02	1.056716767E-03	6.940586806E-03	1.370953718E+00	1.687959520E+00	3.151433131E+02	4.116163425E+02	
2550	7.846288697E+01	3.194983802E+02	4.289095173E+02	1.064218976E-03	6.750057851E-03	1.375681629E+00	1.686819303E+00	3.167846218E+02	4.116968698E+02	
2600	7.936924952E+01	3.212024135E+02	4.288268295E+02	1.071886583E-03	6.565729451E-03	1.380369944E+00	1.685639305E+00	3.184155084E+02	4.117559330E+02	
2650	8.026204643E+01	3.228982600E+02	4.287192089E+02	1.079731930E-03	6.387212829E-03	1.385022013E+00	1.684417308E+00	3.200369704E+02	4.117930949E+02	
2700	8.114168758E+01	3.245869896E+02	4.285860301E+02	1.087768493E-03	6.214144122E-03	1.389641193E+00	1.683150913E+00	3.216500147E+02	4.118078409E+02	
2750	8.200856057E+01	3.262696973E+02	4.284265708E+02	1.096011061E-03	6.046181444E-03	1.394230873E+00	1.681837513E+00	3.232556669E+02	4.117995718E+02	
2800	8.286303200E+01	3.279475131E+02	4.282400022E+02	1.104475931E-03	5.883002379E-03	1.398794509E+00	1.680474265E+00	3.248549805E+02	4.117675956E+02	
2850	8.370544878E+01	3.296216126E+02	4.280253760E+02	1.113181151E-03	5.724301644E-03	1.403335646E+00	1.679058048E+00	3.264490463E+02	4.117111163E+02	
2900	8.453613922E+01	3.312932299E+02	4.277816094E+02	1.122146795E-03	5.569788853E-03	1.407857962E+00	1.677585429E+00	3.280390042E+02	4.116292217E+02	
2950	8.535541404E+01	3.329636721E+02	4.275074673E+02	1.131395313E-03	5.419186369E-03	1.412365302E+00	1.676052606E+00	3.296260559E+02	4.115208676E+02	
3000	8.616356724E+01	3.346343367E+02	4.272015397E+02	1.140951944E-03	5.272227170E-03	1.416861728E+00	1.674455354E+00	3.312114808E+02	4.113848582E+02	
3050	8.696087689E+01	3.363067326E+02	4.268622144E+02	1.150845229E-03	5.128652697E-03	1.421351577E+00	1.672788942E+00	3.327966546E+02	4.112198236E+02	
3100	8.774760582E+01	3.379825056E+02	4.264876432E+02	1.161107644E-03	4.988210608E-03	1.425839527E+00	1.671048051E+00	3.343830719E+02	4.110241903E+02	
3150	8.852400216E+01	3.396634701E+02	4.260757002E+02	1.171776395E-03	4.850652373E-03	1.430330684E+00	1.669226655E+00	3.359723745E+02	4.107961453E+02	
3200	8.929029986E+01	3.413516481E+02	4.256239282E+02	1.182894428E-03	4.715730602E-03	1.434830688E+00	1.667317885E+00	3.375663860E+02	4.105335903E+02	
3250	9.004671900E+01	3.430493195E+02	4.251294715E+02	1.194511721E-03	4.583195985E-03	1.439345842E+00	1.665313842E+00	3.391671564E+02	4.102340845E+02	
3300	9.079346603E+01	3.447590863E+02	4.245889881E+02	1.206686964E-03	4.452793654E-03	1.443883290E+00	1.663205372E+00	3.407770193E+02	4.098947690E+02	
3350	9.153073387E+01	3.464839576E+02	4.239985360E+02	1.219489782E-03	4.324258717E-03	1.448451235E+00	1.660981758E+00	3.423986668E+02	4.095122693E+02	
3400	9.225870166E+01	3.482274614E+02	4.233534207E+02	1.233003726E-03	4.197310614E-03	1.453059247E+00	1.658630318E+00	3.440352488E+02	4.090825646E+02	
3450	9.297753521E+01	3.499938009E+02	4.226479873E+02	1.247330381E-03	4.071645552E-03	1.457718666E+00	1.656135853E+00	3.456905111E+02	4.086008102E+02	
3500	9.368738495E+01	3.517880648E+02	4.218753353E+02	1.262595102E-03	3.946926670E-03	1.462443172E+00	1.653479893E+00	3.473689819E+02	4.080610920E+02	
3550	9.438838658E+01	3.536165384E+02	4.210269072E+02	1.278955328E-03	3.822769621E-03	1.467249606E+00	1.650639601E+00	3.490762470E+02	4.074560751E+02	
3600	9.508065878E+01	3.554871558E+02	4.200918885E+02	1.296612891E-03	3.698722117E-03	1.472159172E+00	1.647586185E+00	3.508193494E+02	4.067764889E+02	
